Price,Close,High,Low,Open,Volume,GMM_Label,Max_Prob
1997-07-01,4300.85986328125,4301.77001953125,4247.66015625,4263.10986328125,0.0,2,0.999968616543069
1997-07-02,4333.89990234375,4395.31005859375,4295.39990234375,4302.9599609375,0.0,2,0.9999503803411
1997-07-03,4323.4599609375,4393.2900390625,4299.97021484375,4335.7900390625,0.0,2,0.9999635543519434
1997-07-04,4323.81982421875,4347.58984375,4300.580078125,4332.7001953125,0.0,2,0.9999711626163859
1997-07-07,4291.4501953125,4391.009765625,4289.490234375,4326.81005859375,0.0,2,0.9999455752144741
1997-07-08,4306.39013671875,4313.0,4252.490234375,4285.64990234375,0.0,2,0.9999682701340984
1997-07-09,4404.68994140625,4404.830078125,4315.419921875,4315.419921875,0.0,2,0.9999501552836005
1997-07-10,4378.3701171875,4448.06005859375,4376.10986328125,4413.39013671875,0.0,2,0.9999662874388162
1997-07-11,4321.97998046875,4372.75,4301.93017578125,4372.75,0.0,2,0.9999673821071499
1997-07-14,4225.02001953125,4251.7001953125,4182.419921875,4251.7001953125,0.0,2,0.9999648898650129
1997-07-15,4221.02001953125,4261.02978515625,4204.72021484375,4229.89013671875,0.0,2,0.9999716203887006
1997-07-16,4183.419921875,4263.259765625,4171.0,4232.52978515625,0.0,2,0.9999647635916858
1997-07-17,4193.60986328125,4202.31005859375,4152.259765625,4183.91015625,0.0,2,0.9999699464853066
1997-07-18,4124.81005859375,4193.72021484375,4115.72998046875,4174.72021484375,0.0,2,0.999968260649876
1997-07-21,4154.27978515625,4155.5,4105.27978515625,4134.080078125,0.0,2,0.9999686422918859
1997-07-22,4186.2900390625,4189.81982421875,4145.64990234375,4161.93994140625,0.0,2,0.9999702385761986
1997-07-23,4251.1298828125,4258.60009765625,4182.31982421875,4204.830078125,0.0,2,0.9999656045160784
1997-07-24,4226.3701171875,4294.9501953125,4223.60986328125,4264.93017578125,0.0,2,0.9999675932142461
1997-07-25,4189.81005859375,4222.72998046875,4159.0,4218.2900390625,0.0,2,0.9999691425945055
1997-07-28,4181.47998046875,4197.2099609375,4163.52978515625,4191.91015625,0.0,2,0.9999699031748549
1997-07-29,4217.580078125,4218.97998046875,4171.10986328125,4180.58984375,0.0,2,0.9999695809541422
1997-07-30,4244.89013671875,4253.81005859375,4220.18017578125,4230.7998046875,0.0,2,0.9999702848650897
1997-07-31,4305.759765625,4331.580078125,4245.52001953125,4252.3701171875,0.0,2,0.9999622974114973
1997-08-01,4347.31982421875,4356.5498046875,4314.06005859375,4322.18994140625,0.0,2,0.9999702947028832
1997-08-04,4465.3701171875,4478.18994140625,4392.47021484375,4392.47021484375,0.0,2,0.9999573914341395
1997-08-05,4548.02001953125,4548.7900390625,4477.5,4477.5,0.0,2,0.9999614310964691
1997-08-06,4523.009765625,4605.41015625,4505.06005859375,4568.39013671875,0.0,2,0.9999620366857047
1997-08-07,4447.06005859375,4546.91015625,4439.47998046875,4527.91015625,0.0,2,0.9999539933250364
1997-08-08,4397.5400390625,4467.18017578125,4373.2001953125,4460.22998046875,0.0,2,0.9999625254409942
1997-08-11,4481.2998046875,4482.509765625,4423.68994140625,4434.02001953125,0.0,2,0.9999671259264211
1997-08-12,4425.02978515625,4504.02978515625,4393.240234375,4496.7998046875,0.0,2,0.9999540388739643
1997-08-13,4370.1298828125,4419.33984375,4353.31982421875,4419.33984375,0.0,2,0.9999679951362384
1997-08-14,4320.97021484375,4381.52978515625,4290.1298828125,4372.2900390625,0.0,2,0.9999644018295725
1997-08-19,4165.3701171875,4277.2900390625,4151.6298828125,4277.2900390625,0.0,2,0.999932423047568
1997-08-20,4234.6298828125,4238.08984375,4144.47021484375,4166.7900390625,0.0,2,0.9999547799827678
1997-08-21,4156.16015625,4265.18994140625,4138.27001953125,4252.0498046875,0.0,2,0.9999397648617552
1997-08-22,4047.669921875,4144.169921875,4037.31005859375,4132.990234375,0.0,2,0.9999550362749533
1997-08-26,4107.240234375,4110.509765625,4038.580078125,4038.580078125,0.0,2,0.9999634500370673
1997-08-27,4097.56005859375,4132.6201171875,4085.2900390625,4131.0498046875,0.0,2,0.9999706106711057
1997-08-28,3963.14990234375,4093.76000976563,3960.34008789063,4093.76000976563,0.0,2,0.9999119033301158
1997-08-29,3876.080078125,3945.669921875,3851.0400390625,3916.580078125,0.0,2,0.999967186722184
1997-09-01,3943.669921875,3948.919921875,3854.2099609375,3875.26000976563,0.0,2,0.9999555929159243
1997-09-02,3950.03002929688,3960.76000976563,3869.61010742188,3944.31005859375,0.0,2,0.9999508139681714
1997-09-03,3965.38989257813,4016.2099609375,3946.42993164063,3966.8701171875,0.0,2,0.9999697559713473
1997-09-04,4007.0400390625,4012.17993164063,3932.77001953125,3963.93994140625,0.0,2,0.9999643250697436
1997-09-05,4032.35009765625,4036.61010742188,4005.07006835938,4018.59008789063,0.0,2,0.9999704611747611
1997-09-08,4087.30004882813,4088.26000976563,4006.28002929688,4029.85009765625,0.0,2,0.9999612166940325
1997-09-09,4031.55004882813,4112.47998046875,4030.86010742188,4095.1201171875,0.0,2,0.9999652341888774
1997-09-10,4045.61010742188,4050.28002929688,3998.32006835938,4018.75,0.0,2,0.9999704822233606
1997-09-11,4010.07006835938,4070.36010742188,4008.0,4057.89990234375,0.0,2,0.9999698803393704
1997-09-12,3995.93994140625,4018.5,3979.42993164063,4013.01000976563,0.0,2,0.9999712498824227
1997-09-15,4018.419921875,4057.35009765625,3985.96997070313,3987.38989257813,0.0,2,0.9999661758998717
1997-09-16,4012.59008789063,4035.38989257813,4000.84008789063,4026.02001953125,0.0,2,0.9999712573223978
1997-09-17,3928.330078125,4013.67993164063,3914.580078125,4013.67993164063,0.0,2,0.9999577878071401
1997-09-18,3884.77001953125,3904.419921875,3844.48999023438,3904.419921875,0.0,2,0.9999674048573114
1997-09-19,3825.1201171875,3894.09008789063,3820.28002929688,3891.6298828125,0.0,2,0.9999675174094483
1997-09-22,3770.98999023438,3835.0400390625,3758.52001953125,3830.81005859375,0.0,2,0.9999683454231191
1997-09-23,3822.419921875,3823.2900390625,3763.3701171875,3772.59008789063,0.0,2,0.9999690074030203
1997-09-24,3825.90991210938,3864.25,3823.01000976563,3834.96997070313,0.0,2,0.9999710856282233
1997-09-25,3887.56005859375,3888.51000976563,3835.80004882813,3835.80004882813,0.0,2,0.9999693300954975
1997-09-26,3925.23999023438,3927.77001953125,3883.8798828125,3895.97998046875,0.0,2,0.999971108529107
1997-09-29,3912.830078125,3964.03002929688,3908.84008789063,3918.05004882813,0.0,2,0.9999680584219472
1997-09-30,3902.03002929688,3918.419921875,3885.59008789063,3911.34008789063,0.0,2,0.9999712442976322
1997-10-01,3905.51000976563,3905.51000976563,3848.14990234375,3885.40991210938,0.0,2,0.9999672067799699
1997-10-03,3847.72998046875,3923.26000976563,3833.919921875,3907.21997070313,0.0,2,0.9999662568585288
1997-10-06,3857.34008789063,3862.169921875,3829.05004882813,3850.35009765625,0.0,2,0.9999708217492513
1997-10-07,3909.4599609375,3910.330078125,3845.7099609375,3851.93994140625,0.0,2,0.9999672164622821
1997-10-08,3930.22998046875,3940.53002929688,3912.39990234375,3912.39990234375,0.0,2,0.9999706683379349
1997-10-09,3979.9599609375,3982.43994140625,3917.38989257813,3927.85009765625,0.0,2,0.9999677293645572
1997-10-10,4057.3701171875,4083.98999023438,3999.64990234375,3999.64990234375,0.0,2,0.9999613721850726
1997-10-13,4066.05004882813,4118.919921875,4056.47998046875,4093.919921875,0.0,2,0.9999711674492586
1997-10-14,4012.39990234375,4062.81005859375,4011.11010742188,4061.51000976563,0.0,2,0.9999699116962335
1997-10-15,4034.55004882813,4042.68994140625,3999.13989257813,4015.55004882813,0.0,2,0.9999714966464491
1997-10-16,4077.05004882813,4090.51000976563,4046.46997070313,4082.65991210938,0.0,2,0.9999703065637097
1997-10-17,4106.259765625,4137.77001953125,4095.69995117188,4102.2900390625,0.0,2,0.999970485509815
1997-10-20,4154.83984375,4157.009765625,4103.6298828125,4123.7998046875,0.0,2,0.9999694251094179
1997-10-21,4116.990234375,4166.14013671875,4103.85986328125,4157.68994140625,0.0,2,0.9999706394970808
1997-10-22,4082.69995117188,4119.5498046875,4079.8701171875,4118.669921875,0.0,2,0.9999700901779424
1997-10-23,4009.77001953125,4080.1201171875,3983.17993164063,4073.419921875,0.0,2,0.9999622889753745
1997-10-24,3957.4599609375,3992.39990234375,3922.5400390625,3992.39990234375,0.0,2,0.9999673762146905
1997-10-27,3934.330078125,3979.53002929688,3914.9599609375,3969.75,0.0,2,0.9999713768771772
1997-10-30,3803.23999023438,3815.23999023438,3795.65991210938,3803.09008789063,0.0,2,0.9999700170411231
1997-11-03,3790.82006835938,3820.3701171875,3748.88989257813,3814.75,0.0,2,0.9999680062595497
1997-11-04,3805.94995117188,3852.23999023438,3782.93994140625,3799.55004882813,0.0,2,0.9999702766027144
1997-11-05,3778.22998046875,3807.44995117188,3759.15991210938,3805.13989257813,0.0,2,0.9999717152576042
1997-11-06,3763.9599609375,3766.76000976563,3714.03002929688,3744.38989257813,0.0,2,0.9999701052262084
1997-11-07,3747.32006835938,3764.61010742188,3732.11010742188,3761.15991210938,0.0,2,0.9999714710280285
1997-11-10,3721.05004882813,3733.31005859375,3707.669921875,3733.31005859375,0.0,2,0.9999703903934468
1997-11-11,3723.39990234375,3750.25,3723.39990234375,3724.85009765625,0.0,2,0.9999701479008266
1997-11-12,3633.17993164063,3739.0400390625,3627.85009765625,3721.38989257813,0.0,2,0.9999518627619057
1997-11-13,3554.10009765625,3616.43994140625,3534.06005859375,3601.30004882813,0.0,2,0.9999697971459336
1997-11-14,3569.77001953125,3594.17993164063,3514.68994140625,3570.34008789063,0.0,2,0.9999687683647391
1997-11-17,3578.10009765625,3580.90991210938,3539.25,3552.42993164063,0.0,2,0.9999724064417106
1997-11-18,3518.89990234375,3573.8701171875,3494.80004882813,3573.8701171875,0.0,2,0.9999677742071897
1997-11-19,3454.64990234375,3479.07006835938,3393.14990234375,3479.07006835938,0.0,2,0.9999565954370976
1997-11-20,3466.86010742188,3504.40991210938,3390.7099609375,3394.27001953125,0.0,2,0.999940191624695
1997-11-21,3523.43994140625,3541.22998046875,3450.39990234375,3450.75,0.0,2,0.9999579864788251
1997-11-24,3403.07006835938,3518.580078125,3399.71997070313,3512.82006835938,0.0,2,0.9999402811977165
1997-11-25,3479.88989257813,3490.39990234375,3388.4599609375,3400.75,0.0,2,0.9999508677056317
1997-11-26,3535.52001953125,3577.59008789063,3514.97998046875,3516.05004882813,0.0,2,0.9999687579140123
1997-11-27,3628.07006835938,3645.89990234375,3524.13989257813,3530.67993164063,0.0,2,0.9999218707858755
1997-11-28,3560.2900390625,3617.330078125,3522.59008789063,3616.46997070313,0.0,2,0.9999615184907787
1997-12-01,3569.64990234375,3574.06005859375,3488.65991210938,3536.07006835938,0.0,2,0.9999606391999459
1997-12-02,3553.47998046875,3601.42993164063,3538.0,3566.53002929688,0.0,2,0.9999728697268002
1997-12-03,3562.3701171875,3590.89990234375,3537.669921875,3559.8798828125,0.0,2,0.999974111004443
1997-12-04,3527.10009765625,3595.0,3503.48999023438,3530.31005859375,0.0,2,0.9999640465450057
1997-12-05,3469.080078125,3552.27001953125,3469.080078125,3526.02001953125,0.0,2,0.9999659768014137
1997-12-08,3468.18994140625,3493.2099609375,3455.86010742188,3479.40991210938,0.0,2,0.9999736928404361
1997-12-09,3391.59008789063,3485.01000976563,3367.88989257813,3469.919921875,0.0,2,0.9999533414645175
1997-12-10,3347.330078125,3380.03002929688,3325.25,3364.51000976563,0.0,2,0.9999743479915304
1997-12-11,3329.13989257813,3344.40991210938,3247.6298828125,3336.330078125,0.0,2,0.9999441171929953
1997-12-12,3329.27001953125,3383.32006835938,3320.669921875,3340.14990234375,0.0,2,0.9999712454614712
1997-12-15,3367.56005859375,3371.72998046875,3291.09008789063,3321.55004882813,0.0,2,0.9999651659289327
1997-12-16,3424.8701171875,3444.919921875,3374.28002929688,3374.580078125,0.0,2,0.9999686079937177
1997-12-17,3487.02001953125,3499.26000976563,3455.10009765625,3458.27001953125,0.0,2,0.9999731230374832
1997-12-18,3472.35009765625,3525.60009765625,3463.26000976563,3481.94995117188,0.0,2,0.9999708952214994
1997-12-19,3540.18994140625,3542.0400390625,3460.17993164063,3463.4599609375,0.0,2,0.9999603985069512
1997-12-22,3616.34008789063,3629.419921875,3553.67993164063,3553.67993164063,0.0,2,0.99996537103439
1997-12-23,3641.11010742188,3676.76000976563,3627.09008789063,3639.97998046875,0.0,2,0.9999727322333193
1997-12-24,3607.68994140625,3616.94995117188,3549.580078125,3596.07006835938,0.0,2,0.9999682003417382
1997-12-26,3633.3798828125,3651.419921875,3620.919921875,3620.919921875,0.0,2,0.9999718584770267
1997-12-29,3706.7900390625,3709.71997070313,3643.78002929688,3648.64990234375,0.0,2,0.9999677771033326
1997-12-30,3637.7099609375,3703.84008789063,3623.92993164063,3703.84008789063,0.0,2,0.9999669274938183
1997-12-31,3658.97998046875,3711.26000976563,3630.47998046875,3630.47998046875,0.0,2,0.9999607888694738
1998-01-01,3694.6201171875,3711.68994140625,3658.34008789063,3658.34008789063,0.0,2,0.9999714129839438
1998-01-02,3719.85009765625,3739.3798828125,3701.39990234375,3704.46997070313,0.0,2,0.9999723225438251
1998-01-05,3739.2099609375,3792.86010742188,3736.93994140625,3745.18994140625,0.0,2,0.99996766821137
1998-01-06,3719.6201171875,3727.23999023438,3684.02001953125,3724.42993164063,0.0,2,0.9999696236916866
1998-01-07,3683.31005859375,3745.7099609375,3658.94995117188,3715.3798828125,0.0,2,0.999969892459106
1998-01-08,3598.15991210938,3679.13989257813,3598.15991210938,3671.68994140625,0.0,2,0.9999656135848852
1998-01-09,3530.19995117188,3579.23999023438,3514.98999023438,3579.23999023438,0.0,2,0.9999708344741747
1998-01-12,3395.0400390625,3482.97998046875,3394.94995117188,3482.97998046875,0.0,2,0.9999617958527217
1998-01-13,3431.71997070313,3479.94995117188,3417.05004882813,3427.14990234375,0.0,2,0.9999702597894994
1998-01-14,3400.7900390625,3482.05004882813,3380.97998046875,3431.71997070313,0.0,2,0.9999632688337444
1998-01-15,3365.78002929688,3415.8701171875,3318.68994140625,3390.3701171875,0.0,2,0.9999670106818154
1998-01-16,3382.32006835938,3398.96997070313,3351.2099609375,3373.10009765625,0.0,2,0.9999743330908653
1998-01-19,3480.86010742188,3484.77001953125,3374.38989257813,3383.88989257813,0.0,2,0.9999345200835603
1998-01-20,3455.94995117188,3516.0,3448.96997070313,3487.86010742188,0.0,2,0.9999717501651593
1998-01-21,3418.34008789063,3462.36010742188,3418.19995117188,3452.36010742188,0.0,2,0.999972858020944
1998-01-22,3380.30004882813,3409.34008789063,3366.93994140625,3408.669921875,0.0,2,0.9999729612944671
1998-01-23,3351.2099609375,3375.86010742188,3340.31005859375,3375.86010742188,0.0,2,0.9999728327201955
1998-01-27,3276.2099609375,3355.21997070313,3272.17993164063,3352.06005859375,0.0,2,0.999965985630559
1998-01-28,3209.55004882813,3301.89990234375,3200.830078125,3272.73999023438,0.0,2,0.9999617983131982
1998-01-29,3224.36010742188,3230.64990234375,3164.65991210938,3204.10009765625,0.0,2,0.9999697769932413
1998-02-02,3354.80004882813,3364.3701171875,3288.78002929688,3288.78002929688,0.0,2,0.9999655360461964
1998-02-03,3354.8798828125,3363.330078125,3326.169921875,3360.39990234375,0.0,2,0.9999718288405233
1998-02-04,3319.18994140625,3394.92993164063,3312.01000976563,3359.23999023438,0.0,2,0.9999680987613325
1998-02-05,3352.47998046875,3366.07006835938,3336.96997070313,3339.02001953125,0.0,2,0.9999731498952948
1998-02-06,3366.69995117188,3374.0400390625,3338.09008789063,3367.77001953125,0.0,2,0.9999722450629607
1998-02-09,3348.35009765625,3371.61010742188,3345.34008789063,3359.46997070313,0.0,2,0.9999727186358349
1998-02-10,3317.69995117188,3351.5,3315.81005859375,3345.17993164063,0.0,2,0.9999732152028764
1998-02-11,3292.90991210938,3342.080078125,3288.76000976563,3330.11010742188,0.0,2,0.9999733586405665
1998-02-12,3293.88989257813,3299.5,3261.3798828125,3289.44995117188,0.0,2,0.9999726123392985
1998-02-13,3373.53002929688,3373.53002929688,3297.5400390625,3306.38989257813,0.0,2,0.9999645113773565
1998-02-16,3449.77001953125,3451.6298828125,3384.7099609375,3384.7099609375,0.0,2,0.9999671389993916
1998-02-17,3413.36010742188,3459.82006835938,3403.48999023438,3459.82006835938,0.0,2,0.9999720013779672
1998-02-18,3401.8798828125,3436.94995117188,3387.32006835938,3408.75,0.0,2,0.9999742271433444
1998-02-19,3437.63989257813,3446.53002929688,3411.75,3414.59008789063,0.0,2,0.9999731901102561
1998-02-20,3417.30004882813,3466.28002929688,3409.6201171875,3444.51000976563,0.0,2,0.9999733594965451
1998-02-23,3478.39990234375,3479.19995117188,3424.13989257813,3426.8798828125,0.0,2,0.9999705149426751
1998-02-24,3484.68994140625,3484.72998046875,3462.8798828125,3481.4599609375,0.0,2,0.999970338071032
1998-02-26,3571.6298828125,3584.669921875,3526.35009765625,3535.23999023438,0.0,2,0.9999720897968759
1998-02-27,3622.21997070313,3639.84008789063,3578.88989257813,3578.88989257813,0.0,2,0.9999704032039116
1998-03-02,3772.61010742188,3782.34008789063,3657.57006835938,3657.57006835938,0.0,2,0.9998993543360567
1998-03-04,3743.92993164063,3751.82006835938,3660.15991210938,3660.15991210938,0.0,2,0.9999537830602325
1998-03-05,3714.6201171875,3771.65991210938,3699.72998046875,3699.72998046875,0.0,2,0.9999616302714894
1998-03-06,3708.580078125,3720.2099609375,3675.57006835938,3709.8798828125,0.0,2,0.9999716787795537
1998-03-09,3807.2099609375,3810.2099609375,3760.65991210938,3775.5400390625,0.0,2,0.9999712642024173
1998-03-10,3798.25,3830.96997070313,3783.98999023438,3810.14990234375,0.0,2,0.9999731561052041
1998-03-11,3752.09008789063,3792.26000976563,3691.19995117188,3791.11010742188,0.0,2,0.9999508792515402
1998-03-12,3716.5,3750.98999023438,3694.28002929688,3713.02001953125,0.0,2,0.9999731381872328
1998-03-16,3785.22998046875,3832.51000976563,3780.88989257813,3780.88989257813,0.0,2,0.9999670742580182
1998-03-17,3791.169921875,3791.86010742188,3729.1298828125,3771.59008789063,0.0,2,0.9999660323091858
1998-03-18,3825.02001953125,3839.55004882813,3788.39990234375,3803.65991210938,0.0,2,0.999972671736545
1998-03-19,3820.8701171875,3852.419921875,3802.5,3848.32006835938,0.0,2,0.9999718683159193
1998-03-20,3840.39990234375,3840.71997070313,3785.94995117188,3802.01000976563,0.0,2,0.9999699737418414
1998-03-23,3963.81005859375,3973.69995117188,3920.32006835938,3920.32006835938,0.0,2,0.999970151781791
1998-03-24,3927.669921875,3999.03002929688,3920.92993164063,3982.6298828125,0.0,2,0.9999681483720867
1998-03-25,3949.57006835938,3969.14990234375,3884.7099609375,3913.9599609375,0.0,2,0.9999671091478863
1998-03-26,3891.75,3992.88989257813,3883.15991210938,3970.76000976563,0.0,2,0.9999545531387655
1998-03-27,3908.60009765625,3917.6298828125,3861.17993164063,3880.330078125,0.0,2,0.9999713504297789
1998-03-30,3897.97998046875,3980.89990234375,3896.86010742188,3952.2099609375,0.0,2,0.9999648069639572
1998-03-31,3892.75,3919.080078125,3875.22998046875,3894.53002929688,0.0,2,0.9999728350712856
1998-04-01,3969.57006835938,3974.10009765625,3901.43994140625,3901.43994140625,0.0,2,0.9999639129441512
1998-04-02,3992.71997070313,4049.65991210938,3978.31005859375,3986.60009765625,0.0,2,0.9999644883195961
1998-04-03,4076.05004882813,4078.3798828125,4012.419921875,4012.71997070313,0.0,2,0.9999656696755748
1998-04-06,4170.22021484375,4184.3701171875,4122.7099609375,4130.919921875,0.0,2,0.9999697409468605
1998-04-07,4194.27001953125,4216.580078125,4156.52001953125,4159.18994140625,0.0,2,0.9999694093780458
1998-04-10,4118.2900390625,4185.14990234375,4103.4599609375,4172.85986328125,0.0,2,0.9999676460306307
1998-04-13,4085.92993164063,4133.72021484375,4051.580078125,4051.580078125,0.0,2,0.9999601338429098
1998-04-15,4192.5,4213.06982421875,4119.259765625,4119.259765625,0.0,2,0.9999542160071943
1998-04-16,4134.31982421875,4208.56005859375,4132.66015625,4195.52978515625,0.0,2,0.9999666789817387
1998-04-17,4186.759765625,4188.3701171875,4117.580078125,4134.93017578125,0.0,2,0.9999655377543107
1998-04-20,4210.72998046875,4286.83984375,4208.56005859375,4217.75,0.0,2,0.9999532997545968
1998-04-21,4280.9599609375,4285.56982421875,4235.3701171875,4235.3701171875,0.0,2,0.999968853637905
1998-04-22,4179.43994140625,4322.0,4179.43994140625,4305.60986328125,0.0,2,0.9998972363652766
1998-04-23,4092.22998046875,4202.169921875,4084.14990234375,4161.31005859375,0.0,2,0.9999468150984183
1998-04-24,4050.97998046875,4104.97998046875,3954.31005859375,4088.13989257813,0.0,2,0.9998704570769561
1998-04-27,4082.830078125,4138.2099609375,4059.67993164063,4098.169921875,0.0,2,0.9999702147240709
1998-04-28,4082.830078125,4138.2099609375,4059.67993164063,4098.169921875,0.0,2,0.9999702147240709
1998-04-29,3970.28002929688,4085.76000976563,3964.94995117188,4076.22998046875,0.0,2,0.999939420737476
1998-04-30,4006.81005859375,4015.63989257813,3926.36010742188,3970.5,0.0,2,0.9999605706058684
1998-05-04,4135.81005859375,4141.330078125,4058.75,4058.75,0.0,2,0.9999584266422535
1998-05-05,4147.2900390625,4156.580078125,4113.7900390625,4142.31982421875,0.0,2,0.9999703879513199
1998-05-06,4069.7900390625,4145.60009765625,4045.9599609375,4145.60009765625,0.0,2,0.9999582919457963
1998-05-08,4022.19995117188,4056.4599609375,4014.71997070313,4049.1298828125,0.0,2,0.9999713423970819
1998-05-12,3945.1298828125,4007.42993164063,3917.89990234375,4007.42993164063,0.0,2,0.9999632421474894
1998-05-13,3782.76000976563,3906.669921875,3776.330078125,3897.8798828125,0.0,2,0.9999268074405014
1998-05-14,3897.93994140625,3898.68994140625,3748.6298828125,3789.07006835938,0.0,2,0.9998113925933283
1998-05-15,3849.80004882813,3924.40991210938,3832.86010742188,3909.8798828125,0.0,2,0.9999657575482526
1998-05-18,3908.47998046875,3943.15991210938,3890.84008789063,3892.5400390625,0.0,2,0.9999699782866525
1998-05-19,3924.419921875,3924.419921875,3895.7099609375,3907.75,0.0,2,0.9999701296096367
1998-05-20,3956.92993164063,3965.85009765625,3920.6298828125,3930.01000976563,0.0,2,0.9999717403304847
1998-05-21,3908.7900390625,3980.2099609375,3889.97998046875,3969.6201171875,0.0,2,0.9999656592203152
1998-05-22,3897.10009765625,3930.64990234375,3881.830078125,3914.34008789063,0.0,2,0.9999728011964917
1998-05-25,3908.11010742188,3934.0,3878.0400390625,3882.03002929688,0.0,2,0.9999710523983765
1998-05-26,3875.06005859375,3915.42993164063,3870.76000976563,3906.73999023438,0.0,2,0.9999717376552071
1998-05-27,3777.18994140625,3843.44995117188,3771.38989257813,3843.44995117188,0.0,2,0.9999677964302895
1998-05-28,3721.92993164063,3797.23999023438,3712.52001953125,3754.72998046875,0.0,2,0.9999663973803242
1998-05-29,3686.38989257813,3747.57006835938,3589.23999023438,3673.44995117188,0.0,2,0.9999088965534721
1998-06-01,3642.67993164063,3823.14990234375,3640.30004882813,3737.25,0.0,2,0.999575877427008
1998-06-02,3573.2099609375,3646.36010742188,3540.61010742188,3634.22998046875,0.0,2,0.9999606933703393
1998-06-03,3597.97998046875,3600.35009765625,3483.81005859375,3572.9599609375,0.0,2,0.9999023800989985
1998-06-04,3546.2099609375,3617.13989257813,3538.9599609375,3598.330078125,0.0,2,0.9999693671404579
1998-06-05,3417.88989257813,3536.0,3417.88989257813,3527.669921875,0.0,2,0.9999399148269986
1998-06-08,3416.72998046875,3492.47998046875,3256.51000976563,3455.57006835938,0.0,2,0.9965043294948894
1998-06-09,3468.07006835938,3476.90991210938,3372.17993164063,3426.2900390625,0.0,2,0.9999499640300757
1998-06-10,3311.40991210938,3451.169921875,3308.05004882813,3451.169921875,0.0,2,0.9998888038906759
1998-06-11,3335.76000976563,3337.1201171875,3207.5400390625,3269.36010742188,0.0,2,0.9998980565841529
1998-06-12,3347.40991210938,3416.1201171875,3332.6298828125,3367.48999023438,0.0,2,0.9999681777011669
1998-06-15,3152.9599609375,3344.48999023438,3151.22998046875,3344.48999023438,0.0,2,0.9993776608946716
1998-06-16,3161.080078125,3171.57006835938,2961.81005859375,3114.59008789063,0.0,2,0.9960933223378353
1998-06-17,3400.94995117188,3405.97998046875,3251.81005859375,3291.42993164063,0.0,2,0.9997989474907067
1998-06-18,3292.330078125,3434.4599609375,3292.330078125,3416.09008789063,0.0,2,0.9999000626190587
1998-06-19,3143.10009765625,3246.18994140625,3130.11010742188,3234.56005859375,0.0,2,0.9999504427836644
1998-06-22,3078.51000976563,3097.94995117188,2951.44995117188,3063.14990234375,0.0,2,0.9998306523543757
1998-06-23,3037.34008789063,3047.48999023438,2954.86010742188,3041.81005859375,0.0,2,0.9999436321599998
1998-06-24,3143.63989257813,3143.63989257813,3041.7900390625,3041.7900390625,0.0,2,0.9999399498699981
1998-06-25,3208.5400390625,3249.419921875,3181.11010742188,3197.89990234375,0.0,2,0.9999726533926663
1998-06-26,3168.82006835938,3214.419921875,3155.1298828125,3214.419921875,0.0,2,0.999972479079452
1998-06-29,3289.56005859375,3291.17993164063,3171.25,3171.25,0.0,2,0.9999045471129568
1998-06-30,3250.68994140625,3305.6298828125,3222.580078125,3305.17993164063,0.0,2,0.9999672449951233
1998-07-01,3230.60009765625,3256.42993164063,3153.53002929688,3210.60009765625,0.0,2,0.9999610982854523
1998-07-02,3180.72998046875,3229.94995117188,3172.38989257813,3219.97998046875,0.0,2,0.9999736158727622
1998-07-03,3089.02001953125,3173.35009765625,3089.02001953125,3173.35009765625,0.0,2,0.9999642703583184
1998-07-06,3178.31005859375,3179.6298828125,3111.02001953125,3111.02001953125,0.0,2,0.9999671332942336
1998-07-07,3195.93994140625,3241.89990234375,3181.56005859375,3186.85009765625,0.0,2,0.9999704562249362
1998-07-08,3245.8798828125,3268.5400390625,3221.919921875,3225.7099609375,0.0,2,0.9999738416435721
1998-07-09,3331.97998046875,3347.39990234375,3277.92993164063,3277.92993164063,0.0,2,0.9999688158024668
1998-07-10,3401.73999023438,3409.5,3344.09008789063,3375.55004882813,0.0,2,0.9999707468337502
1998-07-13,3322.169921875,3461.1201171875,3320.11010742188,3426.830078125,0.0,2,0.9999085874541784
1998-07-14,3371.5,3371.5,3310.94995117188,3335.1298828125,0.0,2,0.9999700665980367
1998-07-15,3365.71997070313,3419.36010742188,3348.65991210938,3404.8701171875,0.0,2,0.9999724501206022
1998-07-16,3488.77001953125,3489.19995117188,3356.61010742188,3383.72998046875,0.0,2,0.9998863979291934
1998-07-17,3470.80004882813,3525.89990234375,3455.35009765625,3505.52001953125,0.0,2,0.999972488033998
1998-07-20,3384.75,3472.0,3376.47998046875,3471.44995117188,0.0,2,0.9999602102331518
1998-07-21,3353.30004882813,3417.10009765625,3329.84008789063,3385.25,0.0,2,0.9999703618922123
1998-07-22,3344.330078125,3372.75,3341.59008789063,3358.080078125,0.0,2,0.9999731455750304
1998-07-23,3227.52001953125,3336.84008789063,3214.39990234375,3329.78002929688,0.0,2,0.9999419469228286
1998-07-24,3171.30004882813,3231.5,3157.30004882813,3200.65991210938,0.0,2,0.9999723783011121
1998-07-27,3085.169921875,3213.1201171875,3079.42993164063,3172.669921875,0.0,2,0.9999270437808405
1998-07-28,3166.84008789063,3173.919921875,3090.22998046875,3096.06005859375,0.0,2,0.9999626704138872
1998-07-29,3219.92993164063,3242.28002929688,3163.73999023438,3169.8798828125,0.0,2,0.9999679718587261
1998-07-30,3212.10009765625,3276.2900390625,3190.5400390625,3247.22998046875,0.0,2,0.9999707830841189
1998-07-31,3211.31005859375,3234.5400390625,3184.10009765625,3231.22998046875,0.0,2,0.9999729780957126
1998-08-03,3112.94995117188,3159.02001953125,3108.03002929688,3159.02001953125,0.0,2,0.9999730724106041
1998-08-04,3119.5400390625,3144.06005859375,3107.0400390625,3107.0400390625,0.0,2,0.9999736021747231
1998-08-05,3133.419921875,3138.38989257813,3062.05004882813,3069.919921875,0.0,2,0.9999663784308006
1998-08-06,3096.330078125,3163.28002929688,3091.57006835938,3131.5400390625,0.0,2,0.9999710815538688
1998-08-07,3062.25,3104.8701171875,3062.25,3094.169921875,0.0,2,0.9999740187746186
1998-08-10,3020.7099609375,3056.21997070313,3017.330078125,3056.21997070313,0.0,2,0.9999738070564934
1998-08-11,2970.63989257813,3008.919921875,2965.580078125,3002.82006835938,0.0,2,0.9999745574754436
1998-08-12,2950.80004882813,2989.919921875,2924.23999023438,2934.73999023438,0.0,2,0.9999727002204554
1998-08-13,2990.21997070313,3016.11010742188,2931.76000976563,2944.63989257813,0.0,2,0.999968006482653
1998-08-14,2968.75,3005.43994140625,2960.23999023438,2993.67993164063,0.0,2,0.9999750941884779
1998-08-17,2917.07006835938,3002.169921875,2917.07006835938,2983.39990234375,0.0,2,0.9999666355440326
1998-08-18,2867.98999023438,2915.84008789063,2853.71997070313,2914.919921875,0.0,2,0.9999730380446527
1998-08-19,2884.59008789063,2919.51000976563,2838.98999023438,2885.76000976563,0.0,2,0.9999728065173529
1998-08-20,2989.60009765625,2991.60009765625,2885.169921875,2911.85009765625,0.0,2,0.9999450337069817
1998-08-21,2922.61010742188,2988.72998046875,2919.44995117188,2954.31005859375,0.0,2,0.9999712848171568
1998-08-24,2950.43994140625,2958.44995117188,2899.669921875,2928.080078125,0.0,2,0.9999732326963148
1998-08-25,2993.36010742188,2996.71997070313,2958.78002929688,2958.78002929688,0.0,2,0.9999740703185447
1998-08-27,2974.830078125,3040.47998046875,2974.830078125,3006.64990234375,0.0,2,0.9999709953590191
1998-08-28,2908.10009765625,2962.3798828125,2899.15991210938,2937.1201171875,0.0,2,0.9999740932806231
1998-08-31,2933.85009765625,2946.96997070313,2882.92993164063,2919.36010742188,0.0,2,0.9999729608724801
1998-09-01,2862.55004882813,2882.8798828125,2850.30004882813,2862.23999023438,0.0,2,0.9999753555039366
1998-09-02,2886.90991210938,2900.4599609375,2867.21997070313,2900.14990234375,0.0,2,0.9999738290913637
1998-09-03,2918.88989257813,2921.34008789063,2879.1298828125,2885.30004882813,0.0,2,0.9999743118142662
1998-09-04,2975.10009765625,2985.48999023438,2926.73999023438,2930.6298828125,0.0,2,0.999972746510796
1998-09-07,3051.92993164063,3063.53002929688,3016.51000976563,3016.51000976563,0.0,2,0.9999738499823724
1998-09-08,3096.10009765625,3105.23999023438,3041.09008789063,3054.31005859375,0.0,2,0.9999720728771195
1998-09-09,3097.1201171875,3144.57006835938,3091.31005859375,3125.18994140625,0.0,2,0.9999742588905816
1998-09-10,3108.669921875,3132.419921875,3079.3798828125,3090.23999023438,0.0,2,0.9999746449306378
1998-09-11,3083.56005859375,3092.93994140625,3061.38989257813,3069.3798828125,0.0,2,0.9999744544377032
1998-09-14,3167.21997070313,3169.55004882813,3133.01000976563,3134.67993164063,0.0,2,0.9999735715593324
1998-09-15,3162.17993164063,3176.419921875,3151.18994140625,3154.01000976563,0.0,2,0.9999734581503328
1998-09-16,3138.65991210938,3185.46997070313,3131.84008789063,3168.86010742188,0.0,2,0.9999742321282807
1998-09-17,3121.30004882813,3161.3701171875,3118.15991210938,3147.53002929688,0.0,2,0.9999742723450974
1998-09-18,3090.71997070313,3108.830078125,3083.86010742188,3107.27001953125,0.0,2,0.9999731873492392
1998-09-21,3080.90991210938,3132.59008789063,3080.7099609375,3111.02001953125,0.0,2,0.9999734428396411
1998-09-22,3095.25,3103.8701171875,3070.67993164063,3091.0400390625,0.0,2,0.9999741135940058
1998-09-23,3135.419921875,3135.7099609375,3106.14990234375,3111.17993164063,0.0,2,0.999973466985548
1998-09-24,3225.30004882813,3232.1298828125,3163.22998046875,3163.22998046875,0.0,2,0.9999680949101291
1998-09-25,3223.57006835938,3266.7099609375,3215.77001953125,3230.97998046875,0.0,2,0.9999732279084828
1998-09-28,3206.919921875,3265.71997070313,3205.94995117188,3257.98999023438,0.0,2,0.9999721394253779
1998-09-29,3146.830078125,3235.03002929688,3125.46997070313,3230.84008789063,0.0,2,0.9999553776387504
1998-09-30,3102.2900390625,3135.28002929688,3084.82006835938,3132.19995117188,0.0,2,0.9999738997351294
1998-10-05,2878.07006835938,3036.14990234375,2877.919921875,3036.14990234375,0.0,2,0.9998182747955919
1998-10-06,2919.73999023438,2919.73999023438,2820.77001953125,2873.96997070313,0.0,2,0.9999487177710283
1998-10-07,3008.6298828125,3010.64990234375,2939.6201171875,2940.1298828125,0.0,2,0.999966865805183
1998-10-08,2896.13989257813,3045.5400390625,2896.13989257813,3029.10009765625,0.0,2,0.999876769024339
1998-10-09,2916.65991210938,2960.82006835938,2885.669921875,2916.34008789063,0.0,2,0.9999736842615262
1998-10-12,2872.47998046875,2926.25,2850.5,2914.5,0.0,2,0.9999724761807518
1998-10-13,2832.03002929688,2865.23999023438,2785.40991210938,2849.10009765625,0.0,2,0.9999706223993063
1998-10-14,2890.71997070313,2909.42993164063,2799.0,2831.27001953125,0.0,2,0.9999526160339886
1998-10-15,2857.27001953125,2895.28002929688,2848.55004882813,2875.06005859375,0.0,2,0.9999755193097923
1998-10-16,2848.11010742188,2895.57006835938,2837.97998046875,2889.69995117188,0.0,2,0.9999742086143846
1998-10-19,2851.580078125,2871.7099609375,2848.11010742188,2860.93994140625,0.0,2,0.9999742703755164
1998-10-20,2764.15991210938,2845.86010742188,2753.34008789063,2845.86010742188,0.0,2,0.999963481486675
1998-10-23,2784.4599609375,2798.8798828125,2741.21997070313,2757.0400390625,0.0,2,0.999974861283861
1998-10-26,2889.7099609375,2922.32006835938,2878.97998046875,2908.51000976563,0.0,2,0.9999755460238119
1998-10-27,2895.84008789063,2895.89990234375,2856.32006835938,2891.36010742188,0.0,2,0.9999716263709667
1998-10-28,2833.0400390625,2913.6201171875,2832.94995117188,2913.6201171875,0.0,2,0.9999664245998757
1998-10-29,2845.15991210938,2845.51000976563,2787.89990234375,2825.4599609375,0.0,2,0.9999705040394696
1998-10-30,2812.48999023438,2862.31005859375,2812.48999023438,2844.14990234375,0.0,2,0.9999744028857354
1998-11-02,2811.43994140625,2822.2900390625,2774.11010742188,2820.22998046875,0.0,2,0.9999722327166144
1998-11-03,2812.06005859375,2831.71997070313,2809.01000976563,2815.669921875,0.0,2,0.9999742243605968
1998-11-05,2842.51000976563,2844.47998046875,2812.52001953125,2817.81005859375,0.0,2,0.9999746866168326
1998-11-06,2884.3701171875,2885.75,2849.580078125,2849.580078125,0.0,2,0.9999742812347744
1998-11-09,2983.669921875,3004.42993164063,2954.57006835938,2955.77001953125,0.0,2,0.9999740619422056
1998-11-10,3004.669921875,3005.2900390625,2963.580078125,2992.46997070313,0.0,2,0.9999725558570054
1998-11-11,2976.169921875,3027.19995117188,2974.61010742188,3017.44995117188,0.0,2,0.9999738514510755
1998-11-12,3009.57006835938,3010.84008789063,2944.06005859375,2973.31005859375,0.0,2,0.9999696895914386
1998-11-13,2976.1201171875,3019.0,2973.48999023438,2976.28002929688,0.0,2,0.9999717917946438
1998-11-16,2945.39990234375,2972.80004882813,2939.669921875,2953.53002929688,0.0,2,0.9999747932768561
1998-11-17,2968.60009765625,2973.89990234375,2947.39990234375,2947.39990234375,0.0,2,0.9999741072789401
1998-11-18,3003.25,3007.65991210938,2972.75,2975.78002929688,0.0,2,0.9999743642975565
1998-11-19,2964.8701171875,3015.82006835938,2964.8701171875,3010.72998046875,0.0,2,0.9999735196049729
1998-11-20,2941.38989257813,2974.69995117188,2932.85009765625,2966.13989257813,0.0,2,0.9999750456037467
1998-11-23,2919.57006835938,2938.330078125,2908.15991210938,2929.98999023438,0.0,2,0.9999747536526566
1998-11-24,2903.56005859375,2936.73999023438,2901.43994140625,2925.57006835938,0.0,2,0.9999747534574683
1998-11-25,2881.68994140625,2900.36010742188,2874.169921875,2900.36010742188,0.0,2,0.9999738890500499
1998-11-26,2825.080078125,2896.18994140625,2815.96997070313,2874.26000976563,0.0,2,0.9999709136610354
1998-11-27,2783.10009765625,2826.15991210938,2772.0400390625,2825.06005859375,0.0,2,0.9999741659403214
1998-11-30,2810.65991210938,2810.65991210938,2741.69995117188,2771.68994140625,0.0,2,0.999969074263306
1998-12-01,2804.03002929688,2822.2099609375,2790.32006835938,2803.72998046875,0.0,2,0.9999755418027442
1998-12-02,2816.59008789063,2833.90991210938,2804.52001953125,2819.6298828125,0.0,2,0.9999752520548761
1998-12-03,2804.4599609375,2820.92993164063,2796.21997070313,2814.92993164063,0.0,2,0.999974516593877
1998-12-04,2849.82006835938,2849.82006835938,2791.97998046875,2804.8701171875,0.0,2,0.9999721938964411
1998-12-07,2921.80004882813,2922.28002929688,2851.44995117188,2851.44995117188,0.0,2,0.9999666636825014
1998-12-08,2945.63989257813,2945.63989257813,2900.19995117188,2927.94995117188,0.0,2,0.9999726775375807
1998-12-09,2950.2099609375,2979.51000976563,2946.22998046875,2957.31005859375,0.0,2,0.9999744826660566
1998-12-10,2979.60009765625,2987.63989257813,2965.44995117188,2972.830078125,0.0,2,0.999973843619696
1998-12-11,3002.5400390625,3019.81005859375,2987.71997070313,3001.93994140625,0.0,2,0.9999749474826073
1998-12-14,2990.43994140625,3029.14990234375,2982.2099609375,3013.580078125,0.0,2,0.9999750934550348
1998-12-15,2927.47998046875,2974.080078125,2926.36010742188,2968.38989257813,0.0,2,0.9999740716949405
1998-12-16,2936.919921875,2936.919921875,2887.31005859375,2906.46997070313,0.0,2,0.9999731587907988
1998-12-17,2864.43994140625,2919.46997070313,2855.10009765625,2884.64990234375,0.0,2,0.9999735290599112
1998-12-18,2875.09008789063,2890.30004882813,2850.47998046875,2875.90991210938,0.0,2,0.9999753825316343
1998-12-21,2973.3701171875,2977.03002929688,2921.27001953125,2921.27001953125,0.0,2,0.9999719797023207
1998-12-22,2976.580078125,2988.4599609375,2949.34008789063,2984.80004882813,0.0,2,0.9999735553560077
1998-12-23,2962.5,3016.90991210938,2961.72998046875,2987.31005859375,0.0,2,0.9999730465215863
1998-12-24,2963.44995117188,2974.65991210938,2942.02001953125,2953.55004882813,0.0,2,0.9999750042375325
1998-12-28,3054.72998046875,3068.13989257813,3007.67993164063,3007.67993164063,0.0,2,0.9999718415116089
1998-12-29,3046.2900390625,3066.60009765625,3014.61010742188,3041.73999023438,0.0,2,0.9999752809797231
1998-12-30,3110.330078125,3118.59008789063,3072.61010742188,3074.43994140625,0.0,2,0.9999737780718985
1998-12-31,3055.40991210938,3116.34008789063,3053.03002929688,3107.72998046875,0.0,2,0.9999722729361714
1999-01-04,3122.0400390625,3148.07006835938,3113.6201171875,3113.6201171875,0.0,2,0.9999732981613396
1999-01-05,3149.06005859375,3150.31005859375,3103.6201171875,3129.580078125,0.0,2,0.999972522622047
1999-01-06,3205.67993164063,3214.36010742188,3152.93994140625,3172.31005859375,0.0,2,0.9999725456444916
1999-01-07,3299.09008789063,3321.46997070313,3239.64990234375,3239.85009765625,0.0,2,0.9999645475243285
1999-01-08,3397.84008789063,3400.96997070313,3340.51000976563,3356.18994140625,0.0,2,0.9999709947182134
1999-01-11,3433.2099609375,3515.48999023438,3418.23999023438,3502.47998046875,0.0,2,0.999963638499483
1999-01-12,3353.21997070313,3410.669921875,3319.0,3369.9599609375,0.0,2,0.9999700593237393
1999-01-13,3310.4599609375,3385.19995117188,3292.6298828125,3380.919921875,0.0,2,0.9999645083486441
1999-01-14,3292.28002929688,3333.80004882813,3251.17993164063,3251.17993164063,0.0,2,0.9999634818835732
1999-01-15,3207.85009765625,3330.419921875,3205.8798828125,3322.7099609375,0.0,2,0.9999328279040637
1999-01-18,3278.580078125,3278.580078125,3197.78002929688,3217.73999023438,0.0,2,0.9999634816881812
1999-01-19,3218.90991210938,3298.48999023438,3214.85009765625,3298.48999023438,0.0,2,0.9999652229970852
1999-01-21,3329.92993164063,3332.63989257813,3206.30004882813,3222.96997070313,0.0,2,0.9999033705722953
1999-01-22,3297.86010742188,3375.22998046875,3288.46997070313,3351.669921875,0.0,2,0.9999680071735911
1999-01-25,3309.14990234375,3321.88989257813,3246.03002929688,3309.4599609375,0.0,2,0.9999640963203135
1999-01-27,3353.97998046875,3400.07006835938,3334.51000976563,3342.21997070313,0.0,2,0.9999699943456372
1999-01-28,3292.94995117188,3369.09008789063,3287.2099609375,3359.669921875,0.0,2,0.9999677492465749
1999-01-29,3315.57006835938,3324.55004882813,3279.68994140625,3314.93994140625,0.0,2,0.99997237929372
1999-02-01,3265.90991210938,3361.919921875,3265.90991210938,3331.90991210938,0.0,2,0.9999606508741938
1999-02-02,3236.76000976563,3279.97998046875,3219.5400390625,3251.9599609375,0.0,2,0.9999744622000315
1999-02-03,3277.57006835938,3283.21997070313,3234.65991210938,3267.669921875,0.0,2,0.9999721732474499
1999-02-04,3236.419921875,3301.5400390625,3223.23999023438,3291.46997070313,0.0,2,0.999970249001753
1999-02-05,3215.35009765625,3246.76000976563,3204.5,3241.30004882813,0.0,2,0.999974059511573
1999-02-08,3183.63989257813,3280.6298828125,3182.46997070313,3253.92993164063,0.0,2,0.9999603516055782
1999-02-09,3207.7099609375,3208.7099609375,3157.69995117188,3182.75,0.0,2,0.999972086097947
1999-02-10,3307.48999023438,3308.8798828125,3213.27001953125,3221.0400390625,0.0,2,0.9999512539369181
1999-02-11,3313.39990234375,3360.18994140625,3298.419921875,3329.81005859375,0.0,2,0.9999738635268137
1999-02-12,3337.48999023438,3351.84008789063,3319.34008789063,3323.169921875,0.0,2,0.9999735764215615
1999-02-15,3315.080078125,3394.01000976563,3315.07006835938,3378.57006835938,0.0,2,0.9999677649773204
1999-02-16,3344.67993164063,3345.73999023438,3305.71997070313,3309.11010742188,0.0,2,0.9999728237170679
1999-02-17,3336.419921875,3366.55004882813,3280.67993164063,3342.28002929688,0.0,2,0.9999681594386469
1999-02-18,3351.05004882813,3406.28002929688,3334.830078125,3355.32006835938,0.0,2,0.9999703665701982
1999-02-19,3354.919921875,3389.98999023438,3350.64990234375,3373.23999023438,0.0,2,0.9999736496309334
1999-02-22,3303.88989257813,3397.330078125,3300.669921875,3370.60009765625,0.0,2,0.9999618105913304
1999-02-23,3283.96997070313,3300.43994140625,3249.02001953125,3290.5,0.0,2,0.999972874102392
1999-02-24,3287.53002929688,3297.3701171875,3237.17993164063,3292.57006835938,0.0,2,0.9999678241966917
1999-02-25,3281.2900390625,3311.84008789063,3269.38989257813,3276.90991210938,0.0,2,0.9999736352094027
1999-02-26,3233.86010742188,3288.17993164063,3228.93994140625,3284.2099609375,0.0,2,0.9999723187573268
1999-03-01,3523.97998046875,3539.6201171875,3417.21997070313,3447.5,0.0,2,0.9999336651248525
1999-03-03,3640.419921875,3691.02001953125,3625.4599609375,3638.56005859375,0.0,2,0.9999695954047884
1999-03-04,3601.9599609375,3662.46997070313,3563.14990234375,3660.39990234375,0.0,2,0.9999597148767831
1999-03-05,3649.06005859375,3681.13989257813,3578.09008789063,3622.02001953125,0.0,2,0.9999629884807084
1999-03-08,3732.10009765625,3775.44995117188,3687.42993164063,3704.2900390625,0.0,2,0.9999661922713774
1999-03-09,3784.11010742188,3796.84008789063,3744.23999023438,3758.47998046875,0.0,2,0.9999724947612102
1999-03-10,3743.3701171875,3804.0,3689.2099609375,3792.56005859375,0.0,2,0.9999518992698917
1999-03-11,3673.51000976563,3770.71997070313,3673.21997070313,3763.30004882813,0.0,2,0.9999575409730687
1999-03-12,3702.81005859375,3716.02001953125,3658.05004882813,3700.56005859375,0.0,2,0.9999707227586735
1999-03-15,3783.7099609375,3817.93994140625,3750.69995117188,3778.96997070313,0.0,2,0.9999728805965657
1999-03-16,3744.17993164063,3793.580078125,3744.17993164063,3765.03002929688,0.0,2,0.9999709266621257
1999-03-17,3672.7099609375,3783.77001953125,3670.09008789063,3749.14990234375,0.0,2,0.999948582286986
1999-03-19,3672.6298828125,3741.69995117188,3651.01000976563,3728.64990234375,0.0,2,0.9999667913911607
1999-03-22,3713.17993164063,3730.42993164063,3652.69995117188,3691.52001953125,0.0,2,0.9999691312076032
1999-03-23,3757.5,3784.81005859375,3729.75,3729.75,0.0,2,0.9999707259139131
1999-03-24,3682.68994140625,3772.94995117188,3618.60009765625,3768.90991210938,0.0,2,0.9998800027855075
1999-03-26,3597.580078125,3642.65991210938,3554.3798828125,3635.669921875,0.0,2,0.9999651550777529
1999-03-30,3683.48999023438,3697.67993164063,3639.6298828125,3666.69995117188,0.0,2,0.9999725456133173
1999-03-31,3739.9599609375,3781.96997070313,3707.71997070313,3708.38989257813,0.0,2,0.9999654819662027
1999-04-01,3686.2900390625,3754.72998046875,3684.17993164063,3750.21997070313,0.0,2,0.9999685714345611
1999-04-05,3519.38989257813,3625.2099609375,3499.830078125,3625.2099609375,0.0,2,0.999936266467592
1999-04-06,3569.46997070313,3569.89990234375,3462.36010742188,3478.13989257813,0.0,2,0.999938395943794
1999-04-07,3586.80004882813,3624.580078125,3562.7099609375,3575.0400390625,0.0,2,0.9999720374160488
1999-04-08,3538.169921875,3606.75,3523.80004882813,3582.35009765625,0.0,2,0.9999696842832413
1999-04-09,3441.18994140625,3543.23999023438,3423.84008789063,3543.23999023438,0.0,2,0.9999429978023349
1999-04-12,3463.77001953125,3469.43994140625,3381.31005859375,3437.07006835938,0.0,2,0.999958235445892
1999-04-13,3464.52001953125,3485.73999023438,3437.55004882813,3445.84008789063,0.0,2,0.9999736869380064
1999-04-15,3357.1201171875,3403.2900390625,3342.64990234375,3363.90991210938,0.0,2,0.9999730098750435
1999-04-16,3572.90991210938,3584.6201171875,3348.60009765625,3370.9599609375,0.0,2,0.9868915862934183
1999-04-19,3451.42993164063,3468.05004882813,3320.6201171875,3331.7099609375,0.0,2,0.9998329724412067
1999-04-20,3443.98999023438,3479.2099609375,3406.669921875,3459.81005859375,0.0,2,0.9999722773895025
1999-04-21,3464.5400390625,3483.7900390625,3436.73999023438,3437.98999023438,0.0,2,0.9999728982995316
1999-04-22,3408.73999023438,3516.31005859375,3375.07006835938,3463.07006835938,0.0,2,0.9999361536091531
1999-04-23,3406.59008789063,3449.22998046875,3361.10009765625,3421.88989257813,0.0,2,0.9999698496270578
1999-04-26,3245.27001953125,3322.88989257813,3239.46997070313,3296.22998046875,0.0,2,0.9999682840840611
1999-04-27,3245.27001953125,3322.88989257813,3239.46997070313,3296.22998046875,0.0,2,0.9999682840840611
1999-04-28,3272.7099609375,3285.38989257813,3183.46997070313,3239.11010742188,0.0,2,0.9999549970700985
1999-04-29,3325.68994140625,3351.86010742188,3287.22998046875,3292.46997070313,0.0,2,0.9999716746903434
1999-05-03,3378.39990234375,3435.72998046875,3363.06005859375,3380.61010742188,0.0,2,0.9999689478296047
1999-05-04,3502.94995117188,3502.94995117188,3381.6298828125,3381.6298828125,0.0,2,0.9998978348191129
1999-05-05,3557.07006835938,3606.48999023438,3495.30004882813,3516.72998046875,0.0,2,0.999954493413
1999-05-06,3648.86010742188,3659.36010742188,3561.75,3561.75,0.0,2,0.9999494823309585
1999-05-07,3707.75,3773.85009765625,3697.05004882813,3713.43994140625,0.0,2,0.9999641991571465
1999-05-10,3820.25,3820.25,3740.48999023438,3752.7900390625,0.0,2,0.9999618335106314
1999-05-11,3900.48999023438,3915.25,3847.53002929688,3854.15991210938,0.0,2,0.9999690511262314
1999-05-12,3876.88989257813,3983.580078125,3794.64990234375,3941.19995117188,0.0,2,0.9998006514817313
1999-05-13,4014.67993164063,4022.080078125,3957.25,3957.25,0.0,2,0.9999671939381625
1999-05-14,4075.46997070313,4102.02978515625,4000.07006835938,4041.2099609375,0.0,2,0.9999610880823276
1999-05-17,4039.38989257813,4113.419921875,3888.81005859375,4091.18994140625,0.0,2,0.9975334655648961
1999-05-18,4085.11010742188,4130.3701171875,4052.65991210938,4073.03002929688,0.0,2,0.9999689782602569
1999-05-19,4123.580078125,4156.18994140625,4057.39990234375,4089.07006835938,0.0,2,0.9999632603698749
1999-05-20,4079.44995117188,4197.080078125,4078.65991210938,4130.330078125,0.0,2,0.9999281982011738
1999-05-21,4015.75,4110.25,4006.0,4110.25,0.0,2,0.9999532323671838
1999-05-24,4028.97998046875,4045.26000976563,3968.31005859375,4009.72998046875,0.0,2,0.9999680344981055
1999-05-25,4060.080078125,4075.38989257813,4018.669921875,4029.23999023438,0.0,2,0.9999712099636603
1999-05-26,3973.30004882813,4087.64990234375,3921.76000976563,4074.48999023438,0.0,2,0.9998659306126295
1999-05-27,3862.44995117188,4016.73999023438,3862.44995117188,3963.76000976563,0.0,2,0.999858694838688
1999-05-28,3773.32006835938,3840.27001953125,3675.53002929688,3805.43994140625,0.0,2,0.9998647626330629
1999-05-31,3966.07006835938,3966.13989257813,3887.3701171875,3897.0400390625,0.0,2,0.9999615506928254
1999-06-01,3912.0,3991.80004882813,3885.30004882813,3954.26000976563,0.0,2,0.9999627972151762
1999-06-02,3935.82006835938,3943.13989257813,3870.15991210938,3921.13989257813,0.0,2,0.9999643523930561
1999-06-03,3976.8798828125,3992.18994140625,3941.85009765625,3953.63989257813,0.0,2,0.9999721116826762
1999-06-04,4042.52001953125,4064.89990234375,4027.17993164063,4035.36010742188,0.0,2,0.999971445005648
1999-06-07,4035.32006835938,4089.02001953125,4028.65991210938,4075.52001953125,0.0,2,0.999970876269759
1999-06-08,4066.82006835938,4075.8798828125,3987.11010742188,4025.07006835938,0.0,2,0.9999613899472197
1999-06-09,4041.88989257813,4121.740234375,4040.23999023438,4098.14013671875,0.0,2,0.9999656275217906
1999-06-10,4056.46997070313,4105.08984375,4042.88989257813,4090.44995117188,0.0,2,0.999971473450164
1999-06-11,3969.36010742188,4052.92993164063,3969.36010742188,4051.90991210938,0.0,2,0.9999624097684029
1999-06-14,3950.9599609375,3951.8701171875,3830.14990234375,3907.68994140625,0.0,2,0.9999021947488608
1999-06-15,3901.72998046875,4001.97998046875,3892.30004882813,3965.96997070313,0.0,2,0.9999551590130811
1999-06-16,4021.39990234375,4031.0,3876.56005859375,3922.7099609375,0.0,2,0.9998218597763286
1999-06-17,4125.25,4140.52978515625,4040.84008789063,4046.80004882813,0.0,2,0.9999508246158021
1999-06-18,4109.89013671875,4166.5400390625,4105.3798828125,4135.60009765625,0.0,2,0.9999697752940225
1999-06-21,4210.35986328125,4214.85009765625,4143.64013671875,4143.64013671875,0.0,2,0.999963713490619
1999-06-22,4254.85986328125,4274.2998046875,4204.72998046875,4236.009765625,0.0,2,0.9999701532031254
1999-06-23,4157.1298828125,4285.990234375,4148.759765625,4268.5400390625,0.0,2,0.9999197209109915
1999-06-24,4119.72998046875,4156.02001953125,4083.46997070313,4137.43994140625,0.0,2,0.999970551615675
1999-06-25,4111.77001953125,4182.740234375,4101.2099609375,4120.56005859375,0.0,2,0.9999611308585235
1999-06-28,4158.669921875,4183.16015625,4136.1201171875,4140.240234375,0.0,2,0.9999707743707393
1999-06-29,4170.830078125,4187.3798828125,4138.9501953125,4166.22021484375,0.0,2,0.9999716079839251
1999-06-30,4140.72998046875,4174.60986328125,4121.39013671875,4174.60986328125,0.0,2,0.9999699039937414
1999-07-01,4144.52001953125,4186.35009765625,4120.72998046875,4156.6201171875,0.0,2,0.9999720525764859
1999-07-02,4194.5498046875,4215.35009765625,4166.5400390625,4176.669921875,0.0,2,0.999971473431758
1999-07-05,4306.39990234375,4306.39990234375,4251.43994140625,4261.02001953125,0.0,2,0.9999681165748986
1999-07-06,4332.7001953125,4350.39990234375,4307.169921875,4326.77001953125,0.0,2,0.9999711569696097
1999-07-07,4321.509765625,4373.02001953125,4306.490234375,4340.10009765625,0.0,2,0.999970458076769
1999-07-08,4326.41015625,4355.669921875,4309.56982421875,4332.83984375,0.0,2,0.9999714133340536
1999-07-09,4362.8701171875,4387.60986328125,4345.330078125,4353.830078125,0.0,2,0.9999704144476654
1999-07-12,4585.6298828125,4588.10009765625,4463.43994140625,4463.43994140625,0.0,2,0.9998877364501519
1999-07-13,4615.2001953125,4678.27978515625,4588.68017578125,4652.18994140625,0.0,2,0.9999669013972287
1999-07-14,4710.25,4710.25,4557.18994140625,4627.22998046875,0.0,2,0.9997839055032917
1999-07-15,4679.919921875,4810.330078125,4673.47021484375,4776.1298828125,0.0,2,0.9999206267219009
1999-07-16,4639.93994140625,4658.35986328125,4593.68994140625,4635.8701171875,0.0,2,0.9999684709826373
1999-07-19,4716.81005859375,4757.0400390625,4683.990234375,4683.990234375,0.0,2,0.9999625269598253
1999-07-20,4617.81982421875,4721.77978515625,4586.259765625,4703.330078125,0.0,2,0.9999354363436824
1999-07-21,4659.58984375,4689.52001953125,4545.6298828125,4566.58984375,0.0,2,0.999886754426424
1999-07-22,4728.77978515625,4728.77978515625,4656.0,4656.0,0.0,2,0.9999598034960824
1999-07-23,4672.1201171875,4769.33984375,4663.1201171875,4751.97998046875,0.0,2,0.9999545326754965
1999-07-26,4625.39990234375,4686.7001953125,4592.669921875,4686.7001953125,0.0,2,0.9999591925049057
1999-07-27,4593.22021484375,4640.52001953125,4573.2099609375,4632.77978515625,0.0,2,0.9999686837388541
1999-07-28,4598.18017578125,4644.2099609375,4562.5498046875,4603.68994140625,0.0,2,0.9999692841664691
1999-07-29,4603.419921875,4636.60009765625,4575.4599609375,4621.5400390625,0.0,2,0.9999700527548263
1999-07-30,4542.33984375,4593.22021484375,4526.7998046875,4590.47998046875,0.0,2,0.9999679110565635
1999-08-02,4494.18017578125,4571.35986328125,4491.83984375,4571.35986328125,0.0,2,0.9999626191237517
1999-08-03,4527.2998046875,4527.64013671875,4470.52001953125,4491.72998046875,0.0,2,0.9999670744421741
1999-08-04,4644.06982421875,4644.2001953125,4548.75,4548.75,0.0,2,0.9999432379233609
1999-08-05,4601.18994140625,4688.990234375,4588.9599609375,4669.77978515625,0.0,2,0.9999597008246615
1999-08-06,4575.2998046875,4616.02978515625,4570.64990234375,4616.02978515625,0.0,2,0.999968138970364
1999-08-09,4639.2001953125,4659.66015625,4605.06982421875,4605.06982421875,0.0,2,0.9999679430447115
1999-08-10,4594.1201171875,4630.7998046875,4577.6298828125,4630.7998046875,0.0,2,0.9999683054738243
1999-08-11,4553.6298828125,4616.39990234375,4502.97021484375,4520.9501953125,0.0,2,0.9999462761977529
1999-08-12,4543.64013671875,4592.77978515625,4543.64013671875,4583.68017578125,0.0,2,0.999968536176056
1999-08-13,4487.8701171875,4572.52978515625,4479.72998046875,4567.31005859375,0.0,2,0.9999598874061579
1999-08-16,4558.22998046875,4585.39013671875,4548.39013671875,4560.31005859375,0.0,2,0.9999691391060154
1999-08-17,4621.0,4621.2900390625,4575.990234375,4586.490234375,0.0,2,0.9999679209596589
1999-08-18,4705.1298828125,4729.3798828125,4648.27001953125,4648.27001953125,0.0,2,0.9999607142006016
1999-08-19,4630.06005859375,4742.43994140625,4627.56005859375,4721.60986328125,0.0,2,0.9999448425117422
1999-08-20,4645.81005859375,4650.75,4601.490234375,4629.4501953125,0.0,2,0.9999678167735034
1999-08-23,4729.77978515625,4766.7900390625,4713.33984375,4713.33984375,0.0,2,0.9999658711703338
1999-08-24,4792.10009765625,4792.10009765625,4744.9501953125,4762.72021484375,0.0,2,0.9999668959349772
1999-08-25,4718.72998046875,4826.06982421875,4609.97998046875,4813.75,0.0,2,0.9990570693634564
1999-08-26,4846.35986328125,4846.35986328125,4744.7099609375,4767.080078125,0.0,2,0.9999431342007297
1999-08-27,4870.66015625,4896.08984375,4851.60009765625,4875.27978515625,0.0,2,0.9999691874542647
1999-08-30,4905.89013671875,4965.7900390625,4900.8701171875,4953.72998046875,0.0,2,0.9999669096494866
1999-08-31,4898.2099609375,4917.41015625,4876.81005859375,4915.7998046875,0.0,2,0.9999665595145703
1999-09-01,4824.43994140625,4914.1201171875,4813.5400390625,4910.64013671875,0.0,2,0.9999548493127787
1999-09-02,4729.72998046875,4813.72998046875,4720.18994140625,4813.72998046875,0.0,2,0.9999575747432804
1999-09-03,4709.93017578125,4754.5498046875,4695.91015625,4722.919921875,0.0,2,0.9999695644770865
1999-09-06,4832.56005859375,4839.16015625,4728.18994140625,4728.18994140625,0.0,2,0.9999249993461481
1999-09-07,4773.64990234375,4847.08984375,4762.9501953125,4840.97021484375,0.0,2,0.9999632060293726
1999-09-08,4781.6201171875,4827.43017578125,4775.1298828125,4794.41015625,0.0,2,0.9999678627391698
1999-09-09,4764.58984375,4795.58984375,4745.0,4783.39990234375,0.0,2,0.9999694703773235
1999-09-10,4760.2099609375,4776.83984375,4746.5400390625,4772.9501953125,0.0,2,0.9999667646051402
1999-09-14,4731.1201171875,4808.85009765625,4697.8701171875,4797.81982421875,0.0,2,0.9999547300259833
1999-09-15,4661.0400390625,4739.259765625,4660.2099609375,4739.259765625,0.0,2,0.9999618020648982
1999-09-16,4571.08984375,4677.47998046875,4571.08984375,4672.06982421875,0.0,2,0.9999478247437175
1999-09-17,4618.39013671875,4628.31005859375,4513.5498046875,4565.169921875,0.0,2,0.9999384440447525
1999-09-20,4641.06982421875,4725.5498046875,4635.31982421875,4658.830078125,0.0,2,0.999951549511422
1999-09-21,4633.0,4686.759765625,4614.2900390625,4677.009765625,0.0,2,0.9999680969430513
1999-09-22,4687.22998046875,4741.080078125,4631.759765625,4642.330078125,0.0,2,0.9999463526432402
1999-09-23,4735.81005859375,4736.2998046875,4682.7998046875,4709.43017578125,0.0,2,0.9999662217952635
1999-09-24,4757.81982421875,4823.240234375,4727.1201171875,4728.43017578125,0.0,2,0.9999442998210194
1999-09-27,4715.669921875,4871.33984375,4715.669921875,4822.16015625,0.0,2,0.9998556467424082
1999-09-28,4733.419921875,4738.81005859375,4656.43994140625,4701.18994140625,0.0,2,0.9999594012084022
1999-09-29,4797.41015625,4831.77978515625,4765.39013671875,4779.56005859375,0.0,2,0.9999683364227283
1999-09-30,4764.419921875,4837.419921875,4764.419921875,4837.419921875,0.0,2,0.9999630745475079
1999-10-01,4702.31005859375,4814.14990234375,4682.25,4808.6298828125,0.0,2,0.9999288066874111
1999-10-04,4654.72021484375,4781.2001953125,4654.72021484375,4773.919921875,0.0,2,0.9999247110068801
1999-10-05,4708.919921875,4708.919921875,4627.0400390625,4648.740234375,0.0,2,0.9999586671442424
1999-10-06,4697.7001953125,4783.6298828125,4652.3798828125,4668.68017578125,0.0,2,0.9999067793060361
1999-10-07,4963.10009765625,4985.14990234375,4810.18017578125,4816.10986328125,0.0,2,0.9995122457521105
1999-10-08,4981.740234375,5091.240234375,4942.669921875,5005.93017578125,0.0,2,0.999913655359479
1999-10-11,5031.77978515625,5150.990234375,5028.60986328125,5150.990234375,0.0,2,0.9999282386250699
1999-10-12,5057.31982421875,5076.93994140625,5022.8701171875,5034.81005859375,0.0,2,0.9999681971972034
1999-10-13,5032.990234375,5063.56982421875,4922.0400390625,4957.64013671875,0.0,2,0.999908178283176
1999-10-14,5075.39013671875,5118.39013671875,5041.0,5055.759765625,0.0,2,0.9999648515688082
1999-10-15,4884.02001953125,5095.259765625,4866.85009765625,5090.18994140625,0.0,2,0.9981645951886914
1999-10-18,4930.68994140625,4971.8798828125,4853.830078125,4930.81005859375,0.0,2,0.9999510795037418
1999-10-20,4943.14013671875,4990.41015625,4922.06982421875,4967.91015625,0.0,2,0.9999690363260453
1999-10-21,4836.91015625,4977.56982421875,4834.22998046875,4972.81005859375,0.0,2,0.9998898180397837
1999-10-22,4783.080078125,4831.8701171875,4755.89013671875,4817.25,0.0,2,0.9999680029044707
1999-10-25,4816.009765625,4912.35986328125,4765.56982421875,4850.72998046875,0.0,2,0.9999338728909146
1999-10-26,4814.33984375,4845.2998046875,4794.72998046875,4830.580078125,0.0,2,0.9999695014165673
1999-10-27,4756.2001953125,4828.25,4708.39990234375,4821.31982421875,0.0,2,0.9999449267912677
1999-10-28,4594.56982421875,4742.93994140625,4576.64990234375,4742.919921875,0.0,2,0.9998152030326396
1999-10-29,4444.56005859375,4601.39990234375,4368.85009765625,4601.39990234375,0.0,2,0.998224597627272
1999-11-01,4270.740234375,4500.35986328125,4267.22998046875,4490.06005859375,0.0,2,0.9970949683560476
1999-11-02,4491.56005859375,4494.759765625,4209.41015625,4254.85009765625,0.0,2,0.7379317966297124
1999-11-03,4456.18017578125,4536.2001953125,4382.9501953125,4523.6298828125,0.0,2,0.9998908457492064
1999-11-04,4485.919921875,4501.35986328125,4417.93994140625,4453.52001953125,0.0,2,0.9999649944235052
1999-11-05,4598.4501953125,4608.419921875,4501.27001953125,4501.27001953125,0.0,2,0.9999344369649107
1999-11-09,4621.9599609375,4648.2001953125,4560.81005859375,4648.2001953125,0.0,2,0.9999524801964265
1999-11-11,4639.35986328125,4715.85986328125,4639.35986328125,4662.22998046875,0.0,2,0.9999584777653029
1999-11-12,4629.60986328125,4657.2998046875,4596.91015625,4653.08984375,0.0,2,0.9999674935544901
1999-11-15,4585.919921875,4681.06005859375,4581.740234375,4675.97998046875,0.0,2,0.9999547208716906
1999-11-16,4578.8701171875,4591.77001953125,4552.47021484375,4585.22021484375,0.0,2,0.9999681815288987
1999-11-17,4541.47998046875,4635.85009765625,4540.41015625,4581.52978515625,0.0,2,0.9999523947136286
1999-11-18,4606.16015625,4606.16015625,4511.8701171875,4564.5,0.0,2,0.9999477542009059
1999-11-19,4584.10009765625,4653.259765625,4574.169921875,4631.240234375,0.0,2,0.9999669172166301
1999-11-22,4636.31005859375,4641.18994140625,4591.56982421875,4617.83984375,0.0,2,0.9999680259257809
1999-11-24,4686.10986328125,4706.490234375,4639.5400390625,4641.72021484375,0.0,2,0.9999661793049829
1999-11-25,4740.68017578125,4770.10986328125,4699.009765625,4699.009765625,0.0,2,0.9999642185152011
1999-11-26,4704.990234375,4762.22021484375,4696.66015625,4760.18017578125,0.0,2,0.9999667617743361
1999-11-29,4639.43017578125,4698.169921875,4632.3701171875,4692.41015625,0.0,2,0.9999674179199901
1999-11-30,4622.2099609375,4649.64990234375,4599.4599609375,4636.27978515625,0.0,2,0.9999700552283255
1999-12-01,4614.9599609375,4667.02001953125,4593.47021484375,4609.66015625,0.0,2,0.9999659799496683
1999-12-02,4691.669921875,4730.2900390625,4617.759765625,4617.759765625,0.0,2,0.9999352124470237
1999-12-03,4714.14013671875,4771.14990234375,4698.08984375,4746.33984375,0.0,2,0.9999688027523213
1999-12-06,4835.97998046875,4842.33984375,4785.06005859375,4785.06005859375,0.0,2,0.9999658166895113
1999-12-07,4864.6201171875,4893.47021484375,4850.3701171875,4891.47021484375,0.0,2,0.9999674295259403
1999-12-08,4799.22021484375,4943.85009765625,4735.68017578125,4909.6298828125,0.0,2,0.999627503568672
1999-12-09,4839.16015625,4849.9599609375,4762.52001953125,4796.7998046875,0.0,2,0.9999606383768713
1999-12-10,4788.47021484375,4870.91015625,4787.4501953125,4865.77978515625,0.0,2,0.9999608524912762
1999-12-13,4802.9599609375,4876.64013671875,4793.83984375,4864.2900390625,0.0,2,0.9999642831526114
1999-12-14,4690.77978515625,4787.0,4668.5400390625,4786.06005859375,0.0,2,0.999942911025596
1999-12-15,4665.56005859375,4711.02001953125,4584.740234375,4632.33984375,0.0,2,0.9999474275310795
1999-12-16,4710.490234375,4763.16015625,4692.490234375,4692.490234375,0.0,2,0.999959715123868
1999-12-17,4675.85009765625,4766.83984375,4673.60986328125,4764.4599609375,0.0,2,0.9999565424252985
1999-12-20,4746.60986328125,4846.14990234375,4734.60986328125,4793.72021484375,0.0,2,0.999950235686985
1999-12-21,4786.009765625,4802.58984375,4731.740234375,4788.58984375,0.0,2,0.9999638049749172
1999-12-22,4948.5400390625,4951.759765625,4854.89013671875,4854.89013671875,0.0,2,0.999942276531187
1999-12-23,4969.22021484375,5077.22998046875,4960.52001953125,5074.83984375,0.0,2,0.9999400374092587
1999-12-24,4874.72998046875,4982.72021484375,4845.77001953125,4982.72021484375,0.0,2,0.9999187182075244
1999-12-27,4818.3701171875,4917.39990234375,4807.33984375,4907.31005859375,0.0,2,0.9999505266913026
1999-12-28,4861.93017578125,4862.18017578125,4781.259765625,4784.4501953125,0.0,2,0.9999558210918562
1999-12-29,4939.47021484375,4960.85986328125,4874.3701171875,4884.5,0.0,2,0.9999605459038724
1999-12-30,5005.81982421875,5015.35009765625,4937.990234375,5015.35009765625,0.0,2,0.9999481953883622
2000-01-03,5375.10986328125,5384.66015625,5209.5400390625,5209.5400390625,0.0,2,0.9993416003617291
2000-01-04,5491.009765625,5533.97998046875,5376.43017578125,5533.97998046875,0.0,2,0.999704004925848
2000-01-05,5357.0,5464.35009765625,5184.47998046875,5265.08984375,0.0,2,0.988988096747086
2000-01-06,5421.52978515625,5489.85986328125,5391.330078125,5424.2099609375,0.0,2,0.9999582103098729
2000-01-07,5414.47998046875,5463.25,5330.580078125,5358.27978515625,0.0,2,0.9999290205048066
2000-01-10,5518.39013671875,5668.27978515625,5459.97021484375,5617.58984375,0.0,2,0.9996775195563677
2000-01-11,5296.2998046875,5537.68994140625,5221.27978515625,5513.0400390625,0.0,2,0.9309220360351713
2000-01-12,5491.2001953125,5494.2998046875,5267.85009765625,5267.85009765625,0.0,2,0.9881866344000191
2000-01-13,5444.81982421875,5652.22021484375,5430.81005859375,5568.64013671875,0.0,2,0.9988743566098164
2000-01-14,5471.27001953125,5476.3798828125,5344.58984375,5460.31005859375,0.0,2,0.9998017322701326
2000-01-17,5404.06982421875,5664.5,5404.06982421875,5617.7001953125,0.0,2,0.9911107779163051
2000-01-18,5464.509765625,5465.5400390625,5347.919921875,5414.259765625,0.0,2,0.9999136044779545
2000-01-19,5478.240234375,5528.1201171875,5460.68017578125,5496.68017578125,0.0,2,0.9999667451680515
2000-01-20,5355.7998046875,5516.16015625,5348.56005859375,5508.0400390625,0.0,2,0.9998012860835692
2000-01-21,5423.0498046875,5441.830078125,5330.080078125,5352.6298828125,0.0,2,0.9999428051950491
2000-01-24,5458.06005859375,5583.22021484375,5439.47998046875,5529.3798828125,0.0,2,0.9999176845583474
2000-01-25,5367.7900390625,5430.2900390625,5351.22021484375,5412.490234375,0.0,2,0.9999651904722598
2000-01-26,5367.7900390625,5430.2900390625,5351.22021484375,5412.490234375,0.0,2,0.9999651904722598
2000-01-27,5369.10009765625,5457.2998046875,5362.25,5424.14013671875,0.0,2,0.9999578507368649
2000-01-28,5335.7998046875,5417.52978515625,5331.5400390625,5417.52978515625,0.0,2,0.9999574499311259
2000-01-31,5205.2900390625,5345.2998046875,5186.31982421875,5338.669921875,0.0,2,0.9998626004534832
2000-02-01,5215.5400390625,5232.83984375,5127.7900390625,5217.64990234375,0.0,2,0.9999334437800292
2000-02-02,5304.919921875,5342.97998046875,5264.6201171875,5264.6201171875,0.0,2,0.9999588702580727
2000-02-03,5340.18994140625,5381.740234375,5323.31982421875,5366.6201171875,0.0,2,0.9999673535229981
2000-02-04,5313.58984375,5402.7001953125,5313.58984375,5394.0,0.0,2,0.999956745560446
2000-02-07,5474.0,5518.2900390625,5431.5498046875,5431.5498046875,0.0,2,0.999953546611324
2000-02-08,5610.56005859375,5647.64013671875,5585.3798828125,5585.3798828125,0.0,2,0.9999612082590486
2000-02-09,5649.10009765625,5756.8701171875,5635.68994140625,5704.009765625,0.0,2,0.999940635142269
2000-02-10,5789.0400390625,5789.0400390625,5715.0498046875,5765.27978515625,0.0,2,0.9999526265481692
2000-02-11,5933.56005859375,6005.85009765625,5917.0400390625,5985.0498046875,0.0,2,0.9999608877976442
2000-02-14,5924.31005859375,6150.68994140625,5923.169921875,6130.22998046875,0.0,2,0.9981147713594495
2000-02-15,5803.18994140625,5941.8798828125,5774.31982421875,5797.31005859375,0.0,2,0.999541686841986
2000-02-16,5725.5,5864.97021484375,5711.75,5782.2001953125,0.0,2,0.9998615404203716
2000-02-17,5835.14990234375,5877.0400390625,5799.7900390625,5810.240234375,0.0,2,0.999960634141944
2000-02-18,5721.64990234375,5894.18994140625,5681.97998046875,5894.18994140625,0.0,2,0.9992582064455978
2000-02-21,5874.89013671875,5941.89990234375,5834.509765625,5874.25,0.0,2,0.999955771566261
2000-02-22,5883.330078125,6009.02001953125,5864.7900390625,6000.2998046875,0.0,2,0.9999049689134187
2000-02-23,5642.4599609375,6033.97998046875,5612.5498046875,6002.490234375,0.0,1,0.9976382003617176
2000-02-24,5810.169921875,5816.16015625,5620.830078125,5764.16015625,0.0,2,0.998175899965652
2000-02-25,5623.080078125,5840.25,5623.080078125,5840.25,0.0,2,0.9984631832266336
2000-02-28,5740.68994140625,5740.68994140625,5580.0498046875,5737.52978515625,0.0,2,0.9988284578827903
2000-02-29,5447.47021484375,5903.490234375,5383.60986328125,5827.81005859375,0.0,1,0.9994513794922977
2000-03-01,5642.1201171875,5681.10986328125,5341.60986328125,5464.64990234375,0.0,1,0.7066943536087381
2000-03-02,5528.31005859375,5828.7900390625,5528.31005859375,5803.330078125,0.0,2,0.9043355038463754
2000-03-03,5378.27001953125,5602.93994140625,5362.7998046875,5602.93994140625,0.0,2,0.9965879265487021
2000-03-06,5520.68994140625,5692.97021484375,5459.60986328125,5662.2900390625,0.0,2,0.9990265391376716
2000-03-07,5589.85009765625,5674.990234375,5525.89013671875,5674.990234375,0.0,2,0.9998845140083944
2000-03-08,5511.419921875,5783.509765625,5439.14013671875,5711.8798828125,0.0,2,0.8147446152841183
2000-03-09,5328.7900390625,5607.93994140625,5278.68017578125,5579.8701171875,0.0,2,0.823262901390912
2000-03-10,5301.77978515625,5478.97021484375,5196.72021484375,5384.419921875,0.0,2,0.9955614075743605
2000-03-13,5129.22021484375,5430.8701171875,5100.6201171875,5372.81982421875,0.0,2,0.7855115671875149
2000-03-14,5175.7099609375,5177.5498046875,4943.2998046875,5020.5498046875,0.0,2,0.9925289553442324
2000-03-15,5249.759765625,5339.93994140625,5045.990234375,5067.419921875,0.0,2,0.8567935378863006
2000-03-16,5102.41015625,5301.43994140625,5077.330078125,5249.97998046875,0.0,2,0.9991021876260271
2000-03-21,5133.240234375,5230.35986328125,5085.52978515625,5177.58984375,0.0,2,0.9999356583799583
2000-03-22,5201.8701171875,5247.27978515625,5159.35986328125,5204.06982421875,0.0,2,0.9999665283984154
2000-03-23,5115.02001953125,5314.31982421875,5088.10009765625,5314.31982421875,0.0,2,0.9984524780550564
2000-03-24,5141.419921875,5203.93017578125,5052.740234375,5083.169921875,0.0,2,0.9998939335736201
2000-03-27,5146.2998046875,5286.81005859375,5126.35009765625,5203.16015625,0.0,2,0.9998549211067155
2000-03-28,5156.1201171875,5156.22998046875,5044.169921875,5094.169921875,0.0,2,0.9999289316906866
2000-03-29,5102.4599609375,5233.759765625,5080.4501953125,5233.759765625,0.0,2,0.9998756410321485
2000-03-30,5041.080078125,5058.43994140625,4891.39990234375,4984.10009765625,0.0,2,0.9997527578789579
2000-03-31,5001.27978515625,5022.240234375,4867.22998046875,4892.43017578125,0.0,2,0.9998278219777976
2000-04-03,5052.93994140625,5085.0,4977.2099609375,5070.5,0.0,2,0.999943609909724
2000-04-04,4691.4599609375,4907.41015625,4666.9501953125,4907.41015625,0.0,2,0.9967905978338345
2000-04-05,4757.06005859375,4852.4501953125,4601.580078125,4616.35986328125,0.0,2,0.9878254588313227
2000-04-06,4866.72998046875,4899.4501953125,4608.10986328125,4899.4501953125,0.0,1,0.8545063713779276
2000-04-07,5219.2001953125,5222.7998046875,4987.10009765625,4987.10009765625,0.0,2,0.9784628061095129
2000-04-10,5442.85986328125,5532.5400390625,5435.35009765625,5481.490234375,0.0,2,0.9999535030035167
2000-04-11,5541.5400390625,5541.81982421875,5368.2001953125,5428.7001953125,0.0,2,0.9995726465720666
2000-04-12,5426.81982421875,5542.81005859375,5416.18994140625,5502.419921875,0.0,2,0.9999365019135686
2000-04-13,5172.1298828125,5205.68994140625,5106.22998046875,5130.18017578125,0.0,2,0.9999586624415108
2000-04-17,4880.7099609375,4899.5400390625,4797.9501953125,4797.9501953125,0.0,2,0.9999442930753
2000-04-18,4745.47021484375,4981.419921875,4723.18994140625,4973.25,0.0,2,0.9928741632780281
2000-04-19,4665.81005859375,4901.5,4571.1201171875,4884.81005859375,0.0,2,0.815326166045409
2000-04-20,4657.419921875,4698.33984375,4431.740234375,4561.06982421875,0.0,2,0.9857015145691497
2000-04-24,4511.0498046875,4723.27001953125,4509.08984375,4723.27001953125,0.0,2,0.9986166314693373
2000-04-25,4533.990234375,4552.47998046875,4284.169921875,4336.64013671875,0.0,2,0.9508770854572399
2000-04-26,4626.39013671875,4803.27001953125,4626.39013671875,4692.77978515625,0.0,2,0.9994457544849895
2000-04-27,4679.6298828125,4799.259765625,4637.02978515625,4761.89990234375,0.0,2,0.9999004335497568
2000-04-28,4657.5498046875,4767.89013671875,4625.0,4767.89013671875,0.0,2,0.9999086668979956
2000-05-02,4372.22021484375,4737.68017578125,4344.509765625,4736.02001953125,0.0,1,0.990854406704683
2000-05-03,4335.2900390625,4394.580078125,4109.66015625,4200.740234375,0.0,2,0.9683614483197533
2000-05-04,4553.919921875,4568.5400390625,4335.0400390625,4384.52978515625,0.0,2,0.9938661107382254
2000-05-05,4693.8798828125,4731.93994140625,4590.1298828125,4600.64013671875,0.0,2,0.9998841761719642
2000-05-08,4463.39990234375,4757.89013671875,4463.39990234375,4744.830078125,0.0,2,0.9106944269517993
2000-05-09,4578.490234375,4578.490234375,4351.14013671875,4365.259765625,0.0,2,0.9891252361229268
2000-05-10,4458.39990234375,4593.3798828125,4449.89013671875,4593.3798828125,0.0,2,0.9998927229262939
2000-05-11,4251.35986328125,4352.56005859375,4198.169921875,4324.18994140625,0.0,2,0.999914769773128
2000-05-12,4107.14013671875,4267.8701171875,4102.77001953125,4243.5400390625,0.0,2,0.999825864539466
2000-05-15,4212.52978515625,4249.4501953125,3912.94995117188,4024.65991210938,0.0,1,0.7518054769561531
2000-05-16,4230.1298828125,4247.18994140625,4154.06982421875,4239.43994140625,0.0,2,0.999947198847659
2000-05-17,4234.22998046875,4367.22021484375,4195.18994140625,4306.009765625,0.0,2,0.9998716568436378
2000-05-18,4192.43994140625,4254.35009765625,4159.89990234375,4205.47998046875,0.0,2,0.9999669146654682
2000-05-19,4068.64990234375,4150.77001953125,4026.63989257813,4149.39013671875,0.0,2,0.9999395048909281
2000-05-22,3920.17993164063,4015.3798828125,3920.17993164063,3978.5400390625,0.0,2,0.999958659216853
2000-05-23,3943.5400390625,3943.5400390625,3831.86010742188,3878.82006835938,0.0,2,0.9999339428356001
2000-05-24,3933.64990234375,3981.4599609375,3840.11010742188,3872.69995117188,0.0,2,0.9999188784881712
2000-05-25,3999.03002929688,4060.76000976563,3961.02001953125,3962.97998046875,0.0,2,0.9999470065100605
2000-05-26,4084.7099609375,4097.60009765625,3947.330078125,3994.39990234375,0.0,2,0.9998551849864902
2000-05-29,4189.85009765625,4222.64990234375,4064.4599609375,4082.90991210938,0.0,2,0.9998172453242176
2000-05-30,4311.77001953125,4318.64990234375,4185.35986328125,4207.009765625,0.0,2,0.9998913247856142
2000-05-31,4433.60986328125,4536.10009765625,4416.8798828125,4434.990234375,0.0,2,0.9999077513405977
2000-06-01,4325.47021484375,4412.2001953125,4321.259765625,4406.52001953125,0.0,2,0.9999602888456192
2000-06-02,4453.47021484375,4486.990234375,4381.7001953125,4381.7001953125,0.0,2,0.9999445242184649
2000-06-05,4531.52978515625,4705.490234375,4485.2900390625,4609.77978515625,0.0,2,0.9993601033479989
2000-06-06,4591.68017578125,4605.4599609375,4488.22998046875,4555.18017578125,0.0,2,0.9999353860294897
2000-06-07,4604.83984375,4650.8798828125,4556.52001953125,4580.89013671875,0.0,2,0.9999634024823058
2000-06-08,4728.81005859375,4746.8798828125,4656.0,4656.0,0.0,2,0.9999541407436469
2000-06-09,4729.6298828125,4797.58984375,4712.2099609375,4772.0,0.0,2,0.9999664879307169
2000-06-12,4639.4599609375,4800.1298828125,4638.81005859375,4794.669921875,0.0,2,0.9998149811137913
2000-06-13,4615.1298828125,4640.58984375,4555.08984375,4583.33984375,0.0,2,0.999966060933707
2000-06-14,4625.0400390625,4693.669921875,4604.5,4648.77978515625,0.0,2,0.9999655148323847
2000-06-15,4653.22021484375,4685.6298828125,4575.02978515625,4609.97998046875,0.0,2,0.999955049579584
2000-06-16,4764.669921875,4768.58984375,4654.1201171875,4666.06005859375,0.0,2,0.9999251747232111
2000-06-19,4837.240234375,4884.89013671875,4788.93994140625,4808.25,0.0,2,0.9999603309862788
2000-06-20,4863.89990234375,4919.6298828125,4834.7900390625,4891.22998046875,0.0,2,0.9999676537355069
2000-06-21,4731.56982421875,4888.43017578125,4723.56982421875,4888.43017578125,0.0,2,0.9998032329290775
2000-06-22,4794.16015625,4795.10009765625,4693.4599609375,4749.39990234375,0.0,2,0.9999409722843668
2000-06-23,4721.7001953125,4822.6298828125,4687.31005859375,4771.06982421875,0.0,2,0.9999423489486192
2000-06-26,4670.08984375,4697.6298828125,4607.580078125,4674.2099609375,0.0,2,0.9999617490625216
2000-06-27,4686.91015625,4732.7001953125,4677.56982421875,4682.58984375,0.0,2,0.9999653932471622
2000-06-28,4642.56005859375,4660.27978515625,4642.56005859375,4660.27978515625,0.0,2,0.9999643099475003
2000-06-29,4785.6298828125,4820.580078125,4785.6298828125,4820.580078125,0.0,2,0.9999663011595876
2000-06-30,4748.77001953125,4792.68994140625,4694.8798828125,4760.60009765625,0.0,2,0.9999639520497872
2000-07-03,4844.97998046875,4853.830078125,4778.740234375,4846.68994140625,0.0,2,0.9999547802591956
2000-07-04,4887.06005859375,4902.7099609375,4840.39013671875,4870.85986328125,0.0,2,0.9999683576440744
2000-07-05,4940.3798828125,4940.3798828125,4898.14990234375,4898.14990234375,0.0,2,0.9999659825116383
2000-07-06,4885.60009765625,4908.33984375,4846.64013671875,4862.990234375,0.0,2,0.9999689053055295
2000-07-07,4905.93994140625,4924.22021484375,4900.31005859375,4920.14013671875,0.0,2,0.9999648101976335
2000-07-10,4867.43017578125,4920.3798828125,4847.4501953125,4908.740234375,0.0,2,0.9999676008470681
2000-07-11,4898.06982421875,4919.31005859375,4863.9599609375,4887.759765625,0.0,2,0.9999695088822501
2000-07-12,4964.27978515625,4967.14013671875,4862.490234375,4883.64990234375,0.0,2,0.9999414339865187
2000-07-13,4880.7998046875,5058.89990234375,4878.4501953125,4994.919921875,0.0,2,0.9996945183673841
2000-07-14,4856.81982421875,4951.9501953125,4847.509765625,4891.43017578125,0.0,2,0.9999495547137568
2000-07-17,4747.31982421875,4883.2998046875,4747.31982421875,4874.41015625,0.0,2,0.9999076158287119
2000-07-18,4734.7998046875,4777.5,4704.39990234375,4741.14990234375,0.0,2,0.9999698427504692
2000-07-19,4616.009765625,4721.85009765625,4604.5400390625,4672.18994140625,0.0,2,0.9999466906222759
2000-07-20,4575.669921875,4634.4599609375,4538.9501953125,4592.27978515625,0.0,2,0.9999665572197431
2000-07-21,4463.66015625,4606.2099609375,4460.419921875,4601.080078125,0.0,2,0.9998846904811907
2000-07-24,4188.33984375,4353.43994140625,4188.33984375,4347.52001953125,0.0,2,0.9997901815431022
2000-07-25,4336.2001953125,4369.14013671875,4052.61010742188,4097.22021484375,0.0,1,0.6421815182366664
2000-07-26,4191.27001953125,4374.3798828125,4191.27001953125,4361.8798828125,0.0,2,0.9996336819964754
2000-07-27,4281.1298828125,4287.85986328125,4113.419921875,4149.83984375,0.0,2,0.9995723316106715
2000-07-28,4276.7001953125,4348.8798828125,4244.72998046875,4275.33984375,0.0,2,0.9999572634037599
2000-07-31,4279.85986328125,4301.7099609375,4225.56982421875,4232.5400390625,0.0,2,0.999966166757585
2000-08-01,4253.68994140625,4302.85986328125,4239.81982421875,4295.35009765625,0.0,2,0.9999700409208143
2000-08-02,4260.8798828125,4264.169921875,4193.580078125,4224.009765625,0.0,2,0.9999657312558
2000-08-03,4207.6298828125,4279.509765625,4204.41015625,4232.2099609375,0.0,2,0.9999640647402462
2000-08-04,4186.16015625,4266.2099609375,4155.4501953125,4241.22998046875,0.0,2,0.9999597147055386
2000-08-07,4201.25,4232.7998046875,4159.35009765625,4203.77001953125,0.0,2,0.9999707874293161
2000-08-08,4317.22021484375,4327.0,4200.990234375,4217.68017578125,0.0,2,0.9999119309263584
2000-08-09,4317.0400390625,4374.68017578125,4296.56982421875,4347.58984375,0.0,2,0.9999697410267836
2000-08-10,4253.22998046875,4360.91015625,4244.18994140625,4312.240234375,0.0,2,0.999946664392302
2000-08-11,4192.0,4250.60009765625,4176.47021484375,4236.5498046875,0.0,2,0.9999694871944154
2000-08-14,4232.509765625,4233.490234375,4142.81005859375,4204.330078125,0.0,2,0.9999487239320238
2000-08-16,4325.669921875,4337.06005859375,4263.759765625,4263.759765625,0.0,2,0.9999639130696996
2000-08-17,4294.18017578125,4365.43017578125,4267.91015625,4346.02978515625,0.0,2,0.9999643135882305
2000-08-18,4347.0400390625,4364.39013671875,4290.1201171875,4297.89990234375,0.0,2,0.9999662928714179
2000-08-21,4409.56982421875,4426.47998046875,4377.919921875,4383.81005859375,0.0,2,0.9999701968478456
2000-08-22,4461.22998046875,4483.8701171875,4438.72021484375,4481.22021484375,0.0,2,0.9999689428635803
2000-08-23,4444.7900390625,4500.2998046875,4426.6201171875,4447.7001953125,0.0,2,0.9999669904129134
2000-08-24,4459.06982421875,4471.85986328125,4417.14013671875,4445.56005859375,0.0,2,0.9999699857723117
2000-08-25,4416.85986328125,4485.6298828125,4414.72021484375,4482.2001953125,0.0,2,0.9999659989315768
2000-08-28,4395.81005859375,4452.759765625,4393.60986328125,4443.7099609375,0.0,2,0.9999687713384666
2000-08-29,4401.81982421875,4412.83984375,4370.5,4382.56005859375,0.0,2,0.9999703764696197
2000-08-30,4411.85009765625,4436.56982421875,4387.39013671875,4416.14013671875,0.0,2,0.9999712446088338
2000-08-31,4477.31005859375,4485.2001953125,4404.6201171875,4409.83984375,0.0,2,0.9999606921670683
2000-09-04,4602.43017578125,4620.31982421875,4557.10986328125,4571.89013671875,0.0,2,0.999969198312359
2000-09-05,4598.64990234375,4623.830078125,4574.89013671875,4623.830078125,0.0,2,0.9999678355602208
2000-09-06,4606.35009765625,4640.10009765625,4571.919921875,4577.5,0.0,2,0.999966815284822
2000-09-07,4628.93017578125,4660.68017578125,4578.3701171875,4579.68017578125,0.0,2,0.9999610635812952
2000-09-08,4668.27001953125,4677.669921875,4640.25,4649.97021484375,0.0,2,0.9999688083694872
2000-09-11,4696.60009765625,4748.81005859375,4694.39990234375,4715.2998046875,0.0,2,0.9999670813951921
2000-09-12,4763.6298828125,4766.35986328125,4681.02978515625,4705.81982421875,0.0,2,0.9999581535636455
2000-09-13,4702.52001953125,4790.6298828125,4690.5,4776.52001953125,0.0,2,0.9999585163174497
2000-09-14,4671.919921875,4741.419921875,4640.8701171875,4721.97998046875,0.0,2,0.9999625030109494
2000-09-15,4562.3798828125,4685.66015625,4539.35009765625,4666.47021484375,0.0,2,0.9999144203207297
2000-09-18,4366.41015625,4513.08984375,4362.47021484375,4511.419921875,0.0,2,0.9998658718256603
2000-09-19,4264.33984375,4390.2099609375,4171.89013671875,4295.6298828125,0.0,2,0.9995948306268694
2000-09-20,4325.5498046875,4339.3701171875,4211.8701171875,4322.7998046875,0.0,2,0.9998701284199811
2000-09-21,4257.2001953125,4331.3798828125,4257.0400390625,4304.25,0.0,2,0.999966263445965
2000-09-22,4032.3701171875,4208.66015625,4028.48999023438,4188.47021484375,0.0,2,0.9997063270282343
2000-09-25,4173.47998046875,4210.0,4105.75,4144.81005859375,0.0,2,0.9999619036296651
2000-09-26,4089.580078125,4160.1298828125,4056.03002929688,4159.8701171875,0.0,2,0.9999557443271619
2000-09-27,4164.10009765625,4172.64990234375,4004.72998046875,4025.67993164063,0.0,2,0.9996338190230122
2000-09-28,4067.3798828125,4184.60986328125,4043.669921875,4155.7099609375,0.0,2,0.9999290448923557
2000-09-29,4090.3798828125,4122.27978515625,4056.71997070313,4122.27978515625,0.0,2,0.999967699402307
2000-10-03,4135.5498046875,4139.52978515625,4028.51000976563,4035.63989257813,0.0,2,0.9999304117777108
2000-10-04,4160.41015625,4173.64990234375,4101.6298828125,4135.5498046875,0.0,2,0.9999685671077618
2000-10-05,4116.25,4197.39013671875,4115.6201171875,4177.08984375,0.0,2,0.9999649884286529
2000-10-06,4092.419921875,4131.25,4042.94995117188,4085.02001953125,0.0,2,0.9999689726198026
2000-10-09,4056.07006835938,4135.16015625,4055.419921875,4106.14990234375,0.0,2,0.9999655091351689
2000-10-10,3945.28002929688,4079.61010742188,3931.2099609375,4079.61010742188,0.0,2,0.9998849734386822
2000-10-11,3836.51000976563,3895.81005859375,3803.71997070313,3892.78002929688,0.0,2,0.9999633300724328
2000-10-12,3847.580078125,3879.46997070313,3777.48999023438,3793.61010742188,0.0,2,0.9999578416551402
2000-10-13,3738.92993164063,3793.080078125,3714.4599609375,3749.77001953125,0.0,2,0.9999709311147829
2000-10-16,3728.669921875,3930.10009765625,3726.580078125,3908.72998046875,0.0,2,0.9992561658548137
2000-10-17,3664.7900390625,3718.73999023438,3613.73999023438,3702.39990234375,0.0,2,0.9999604390989352
2000-10-18,3593.6298828125,3640.72998046875,3545.01000976563,3625.32006835938,0.0,2,0.9999644430929554
2000-10-19,3702.830078125,3702.830078125,3491.55004882813,3576.43994140625,0.0,2,0.9973617884081903
2000-10-20,3692.75,3801.86010742188,3691.88989257813,3799.78002929688,0.0,2,0.9999464663036153
2000-10-23,3619.53002929688,3716.60009765625,3608.36010742188,3709.5400390625,0.0,2,0.9999541346456224
2000-10-24,3651.98999023438,3656.31005859375,3584.3798828125,3603.65991210938,0.0,2,0.9999677120488842
2000-10-25,3743.61010742188,3748.9599609375,3662.22998046875,3664.1201171875,0.0,2,0.9999574325815973
2000-10-27,3729.1201171875,3773.5400390625,3704.5400390625,3770.65991210938,0.0,2,0.9999700498523533
2000-10-30,3689.42993164063,3751.28002929688,3680.17993164063,3744.10009765625,0.0,2,0.9999699495443853
2000-10-31,3711.02001953125,3713.90991210938,3646.72998046875,3672.47998046875,0.0,2,0.999968442930254
2000-11-01,3788.53002929688,3807.69995117188,3734.97998046875,3749.35009765625,0.0,2,0.9999697464782968
2000-11-02,3875.7900390625,3882.5400390625,3795.44995117188,3799.65991210938,0.0,2,0.9999580487594377
2000-11-03,3935.69995117188,3960.13989257813,3894.59008789063,3907.22998046875,0.0,2,0.9999710817807776
2000-11-06,3931.5400390625,4005.18994140625,3919.34008789063,3971.97998046875,0.0,2,0.9999673507002355
2000-11-07,3954.830078125,3959.92993164063,3910.81005859375,3917.10009765625,0.0,2,0.9999708652224024
2000-11-08,4028.7099609375,4045.05004882813,3958.68994140625,3958.68994140625,0.0,2,0.9999591553553793
2000-11-09,4022.5,4046.01000976563,3980.19995117188,3981.31005859375,0.0,2,0.9999684983746069
2000-11-10,3941.1298828125,4032.93994140625,3930.35009765625,4011.06005859375,0.0,2,0.999959857825504
2000-11-13,3820.080078125,3863.35009765625,3797.5,3842.6298828125,0.0,2,0.9999726791628708
2000-11-14,3943.5400390625,3952.38989257813,3816.1298828125,3816.1298828125,0.0,2,0.9998535733625638
2000-11-15,3946.53002929688,4016.09008789063,3931.84008789063,3994.8798828125,0.0,2,0.9999682621228376
2000-11-16,3901.89990234375,3971.32006835938,3884.8798828125,3946.830078125,0.0,2,0.9999683093012368
2000-11-17,3905.84008789063,3917.59008789063,3848.86010742188,3869.169921875,0.0,2,0.9999697866690879
2000-11-20,3926.52001953125,3942.55004882813,3908.28002929688,3928.6201171875,0.0,2,0.9999717558953789
2000-11-21,3924.69995117188,3928.580078125,3882.64990234375,3889.17993164063,0.0,2,0.9999710695749657
2000-11-22,3862.38989257813,3947.97998046875,3861.01000976563,3938.4599609375,0.0,2,0.9999632316299429
2000-11-23,3852.39990234375,3871.34008789063,3826.419921875,3837.11010742188,0.0,2,0.9999727103177629
2000-11-24,3868.34008789063,3889.56005859375,3856.580078125,3860.52001953125,0.0,2,0.9999713703208601
2000-11-27,3969.19995117188,3972.47998046875,3902.10009765625,3930.9599609375,0.0,2,0.9999668134342997
2000-11-28,4023.919921875,4038.63989257813,3962.19995117188,3962.2099609375,0.0,2,0.9999641134375156
2000-11-29,3996.17993164063,4046.18994140625,3957.18994140625,3997.330078125,0.0,2,0.9999691530173166
2000-11-30,3997.98999023438,4019.52001953125,3972.85009765625,4003.40991210938,0.0,2,0.999972297178294
2000-12-01,4031.9599609375,4054.86010742188,3966.55004882813,3968.88989257813,0.0,2,0.999959905303962
2000-12-04,4036.48999023438,4088.28002929688,4034.6201171875,4078.56005859375,0.0,2,0.9999705486628744
2000-12-05,4071.97998046875,4082.43994140625,4048.85009765625,4061.89990234375,0.0,2,0.9999710767657736
2000-12-06,4108.43017578125,4156.66015625,4097.5498046875,4155.22021484375,0.0,2,0.999969824385181
2000-12-07,4124.91015625,4136.740234375,4095.98999023438,4099.490234375,0.0,2,0.9999709692987553
2000-12-08,4156.080078125,4167.31982421875,4134.10009765625,4134.10009765625,0.0,2,0.9999701881404892
2000-12-11,4228.2900390625,4233.259765625,4178.509765625,4198.72021484375,0.0,2,0.9999696763892691
2000-12-12,4219.47998046875,4255.68994140625,4210.14990234375,4254.16015625,0.0,2,0.9999700851339148
2000-12-13,4284.97998046875,4298.6298828125,4235.56005859375,4235.56005859375,0.0,2,0.9999675572700033
2000-12-14,4270.4501953125,4332.64990234375,4256.33984375,4297.43994140625,0.0,2,0.9999689566701515
2000-12-15,4137.16015625,4264.830078125,4130.60009765625,4241.4599609375,0.0,2,0.9999251328371556
2000-12-18,4169.39013671875,4186.77001953125,4108.68017578125,4121.85986328125,0.0,2,0.9999665683756371
2000-12-19,4152.93994140625,4200.33984375,4143.56005859375,4188.02001953125,0.0,2,0.9999710723486844
2000-12-20,4086.40991210938,4121.81982421875,4057.94995117188,4106.33984375,0.0,2,0.9999715794840129
2000-12-21,4034.22998046875,4064.7099609375,3968.34008789063,4013.10009765625,0.0,2,0.9999650873553275
2000-12-22,3905.89990234375,4080.30004882813,3895.3701171875,4057.71997070313,0.0,2,0.9996926950631677
2000-12-26,3826.82006835938,3939.080078125,3810.98999023438,3927.51000976563,0.0,2,0.9999372610918156
2000-12-27,3877.55004882813,3902.85009765625,3803.68994140625,3830.3701171875,0.0,2,0.9999612450939357
2000-12-28,3932.78002929688,3940.44995117188,3895.2099609375,3918.169921875,0.0,2,0.9999715179488478
2000-12-29,3972.1201171875,3978.25,3904.32006835938,3933.94995117188,0.0,2,0.9999667353845871
2001-01-02,4018.8798828125,4028.57006835938,3929.3701171875,3953.21997070313,0.0,2,0.9999545903067185
2001-01-03,4060.02001953125,4067.65991210938,3977.580078125,3977.580078125,0.0,2,0.9999540414768399
2001-01-04,4115.3701171875,4180.97021484375,4109.5498046875,4180.97021484375,0.0,2,0.9999669138738538
2001-01-05,4183.72998046875,4195.009765625,4115.35009765625,4116.33984375,0.0,2,0.9999617810560535
2001-01-08,4120.43017578125,4206.72021484375,4101.52978515625,4164.759765625,0.0,2,0.9999607153826815
2001-01-09,4125.31005859375,4166.83984375,4101.009765625,4114.740234375,0.0,2,0.9999698491007321
2001-01-10,4047.63989257813,4155.85986328125,4035.43994140625,4151.580078125,0.0,2,0.9999410861889725
2001-01-11,4027.1298828125,4077.5400390625,4006.5400390625,4066.1298828125,0.0,2,0.9999704999748055
2001-01-12,4036.580078125,4082.77001953125,4018.28002929688,4059.40991210938,0.0,2,0.9999720865734395
2001-01-15,4046.76000976563,4080.13989257813,4018.23999023438,4074.32006835938,0.0,2,0.9999702864063673
2001-01-16,4070.72998046875,4097.06982421875,4023.89990234375,4052.17993164063,0.0,2,0.9999708945248218
2001-01-17,4083.40991210938,4125.10009765625,4072.09008789063,4101.18017578125,0.0,2,0.9999719250721263
2001-01-18,4113.2099609375,4122.66015625,4085.81005859375,4106.14990234375,0.0,2,0.999970847676537
2001-01-19,4194.4599609375,4201.93994140625,4137.31005859375,4149.25,0.0,2,0.9999684393345238
2001-01-22,4267.10986328125,4278.5498046875,4223.56005859375,4247.4501953125,0.0,2,0.9999706449811018
2001-01-23,4296.68994140625,4321.75,4272.8701171875,4277.830078125,0.0,2,0.9999703381599147
2001-01-24,4326.419921875,4339.41015625,4295.7099609375,4320.509765625,0.0,2,0.9999706207830361
2001-01-25,4330.22021484375,4341.330078125,4273.7001953125,4327.83984375,0.0,2,0.9999645986143959
2001-01-29,4234.56982421875,4262.759765625,4158.85986328125,4158.85986328125,0.0,2,0.9999461291248859
2001-01-30,4372.0400390625,4373.22021484375,4256.759765625,4269.41015625,0.0,2,0.9999201529203586
2001-01-31,4326.72021484375,4409.330078125,4322.68017578125,4367.580078125,0.0,2,0.9999621532509165
2001-02-01,4286.10986328125,4355.39013671875,4230.169921875,4303.1298828125,0.0,2,0.9999548796179378
2001-02-02,4352.259765625,4373.39990234375,4280.9599609375,4280.9599609375,0.0,2,0.9999548588137698
2001-02-05,4370.47021484375,4397.18994140625,4337.52001953125,4337.52001953125,0.0,2,0.9999680960235069
2001-02-06,4375.2900390625,4404.669921875,4369.93017578125,4392.240234375,0.0,2,0.999969588037544
2001-02-07,4312.93017578125,4379.22021484375,4303.27978515625,4376.919921875,0.0,2,0.9999661710878802
2001-02-08,4381.18994140625,4387.85009765625,4290.8798828125,4293.8701171875,0.0,2,0.9999476624433625
2001-02-09,4397.330078125,4436.47998046875,4387.990234375,4395.43994140625,0.0,2,0.9999685902014941
2001-02-12,4406.2998046875,4446.080078125,4389.02001953125,4429.91015625,0.0,2,0.9999710349462575
2001-02-13,4363.0498046875,4440.759765625,4354.10009765625,4437.31982421875,0.0,2,0.9999626844813516
2001-02-14,4363.10986328125,4375.509765625,4320.89013671875,4350.330078125,0.0,2,0.9999701871939821
2001-02-15,4437.990234375,4459.18994140625,4371.9501953125,4372.60009765625,0.0,2,0.999958372526252
2001-02-16,4330.31982421875,4462.10986328125,4315.9501953125,4458.72998046875,0.0,2,0.9998953475355972
2001-02-19,4350.64990234375,4378.06005859375,4302.10009765625,4363.7900390625,0.0,2,0.9999666328453428
2001-02-20,4359.22021484375,4382.35986328125,4342.60986328125,4360.16015625,0.0,2,0.9999708097961539
2001-02-21,4302.22998046875,4362.5,4285.18994140625,4338.31005859375,0.0,2,0.9999694423034616
2001-02-22,4262.5498046875,4286.6298828125,4190.9599609375,4252.27001953125,0.0,2,0.9999609766956616
2001-02-23,4122.16015625,4277.35986328125,4118.08984375,4261.81005859375,0.0,2,0.9998464412432722
2001-02-26,4112.68994140625,4174.85009765625,4074.1201171875,4168.7099609375,0.0,2,0.9999596366205986
2001-02-27,4069.67993164063,4156.02978515625,4020.67993164063,4140.6298828125,0.0,2,0.999935918583649
2001-02-28,4247.0400390625,4264.02001953125,4056.39990234375,4070.3701171875,0.0,2,0.9976573517313588
2001-03-01,4271.64990234375,4386.97998046875,4215.27001953125,4288.22998046875,0.0,2,0.9998642078676714
2001-03-02,4095.15991210938,4341.669921875,4077.419921875,4323.18017578125,0.0,2,0.9899532866240275
2001-03-05,3998.1201171875,4127.1201171875,3947.7099609375,4073.72998046875,0.0,2,0.9998554096381228
2001-03-07,4046.88989257813,4114.10986328125,3913.669921875,4062.40991210938,0.0,2,0.9995496738780147
2001-03-08,4056.93994140625,4108.02978515625,4016.7099609375,4089.830078125,0.0,2,0.9999666802068405
2001-03-09,3881.9599609375,3986.82006835938,3821.59008789063,3986.82006835938,0.0,2,0.9998344979972422
2001-03-12,3767.88989257813,3930.67993164063,3748.38989257813,3862.6298828125,0.0,2,0.9997608116649754
2001-03-13,3540.64990234375,3777.47998046875,3436.75,3605.53002929688,0.0,2,0.8005669122045319
2001-03-14,3725.03002929688,3757.1201171875,3493.93994140625,3508.1298828125,0.0,2,0.9406082616968737
2001-03-15,3819.86010742188,3823.78002929688,3661.84008789063,3666.19995117188,0.0,2,0.9996077555892333
2001-03-16,3745.73999023438,3867.46997070313,3696.52001953125,3752.36010742188,0.0,2,0.9998178157056805
2001-03-19,3722.48999023438,3774.68994140625,3680.26000976563,3728.51000976563,0.0,2,0.9999687552397408
2001-03-20,3672.39990234375,3740.07006835938,3644.51000976563,3736.09008789063,0.0,2,0.999962825919513
2001-03-21,3791.07006835938,3801.78002929688,3618.13989257813,3633.21997070313,0.0,2,0.9992193451521102
2001-03-22,3713.96997070313,3818.03002929688,3708.80004882813,3785.9599609375,0.0,2,0.9999538733685206
2001-03-23,3635.28002929688,3743.830078125,3561.01000976563,3735.51000976563,0.0,2,0.999742034821278
2001-03-26,3636.32006835938,3654.0400390625,3600.38989257813,3640.46997070313,0.0,2,0.9999722466290919
2001-03-27,3694.82006835938,3712.27001953125,3631.2900390625,3634.47998046875,0.0,2,0.999964354566337
2001-03-28,3788.2099609375,3792.76000976563,3736.5400390625,3736.5400390625,0.0,2,0.9999696005554058
2001-03-29,3751.56005859375,3799.67993164063,3721.44995117188,3739.6298828125,0.0,2,0.9999689183137948
2001-03-30,3604.3798828125,3723.72998046875,3589.92993164063,3714.11010742188,0.0,2,0.9999274164408493
2001-04-02,3566.26000976563,3578.94995117188,3436.330078125,3491.40991210938,0.0,2,0.9998862289393732
2001-04-03,3605.01000976563,3619.6201171875,3543.82006835938,3543.82006835938,0.0,2,0.9999656023807186
2001-04-04,3565.64990234375,3577.25,3511.1201171875,3558.47998046875,0.0,2,0.9999690666713099
2001-04-06,3576.0,3676.82006835938,3558.1298828125,3663.73999023438,0.0,2,0.9999494857244848
2001-04-09,3544.080078125,3579.23999023438,3502.43994140625,3570.53002929688,0.0,2,0.9999687633954046
2001-04-10,3458.38989257813,3542.43994140625,3342.11010742188,3542.43994140625,0.0,2,0.9990476343452401
2001-04-11,3325.4599609375,3481.14990234375,3298.1201171875,3476.40991210938,0.0,2,0.9997133776218996
2001-04-12,3183.77001953125,3264.57006835938,3120.1298828125,3254.52001953125,0.0,2,0.9999125711944958
2001-04-16,3251.6201171875,3258.43994140625,3096.51000976563,3172.14990234375,0.0,2,0.9997441339429113
2001-04-17,3312.2900390625,3331.78002929688,3220.64990234375,3231.93994140625,0.0,2,0.9999444491059007
2001-04-18,3438.75,3442.64990234375,3311.19995117188,3311.19995117188,0.0,2,0.9998672073518735
2001-04-19,3574.080078125,3621.03002929688,3471.03002929688,3552.169921875,0.0,2,0.9999151422931019
2001-04-20,3583.0400390625,3620.89990234375,3523.73999023438,3620.89990234375,0.0,2,0.9999532307136471
2001-04-23,3587.01000976563,3637.36010742188,3561.9599609375,3583.419921875,0.0,2,0.9999702769139406
2001-04-24,3589.98999023438,3593.84008789063,3526.36010742188,3547.22998046875,0.0,2,0.9999690887803891
2001-04-25,3600.830078125,3639.11010742188,3569.7099609375,3586.93994140625,0.0,2,0.9999717978228356
2001-04-26,3557.18994140625,3651.7900390625,3547.4599609375,3649.36010742188,0.0,2,0.9999551955882845
2001-04-27,3422.76000976563,3458.77001953125,3357.830078125,3389.21997070313,0.0,2,0.9999639778353421
2001-04-30,3519.15991210938,3522.69995117188,3440.7099609375,3459.51000976563,0.0,2,0.9999636441828083
2001-05-02,3538.419921875,3586.63989257813,3530.25,3565.53002929688,0.0,2,0.9999731106358012
2001-05-03,3494.47998046875,3551.80004882813,3479.81005859375,3528.69995117188,0.0,2,0.9999721898641415
2001-05-04,3514.59008789063,3521.919921875,3465.5,3471.94995117188,0.0,2,0.9999716261082154
2001-05-07,3544.81005859375,3573.18994140625,3539.4599609375,3562.96997070313,0.0,2,0.9999727649690815
2001-05-08,3580.3701171875,3587.07006835938,3544.86010742188,3544.86010742188,0.0,2,0.999972261780068
2001-05-09,3586.580078125,3629.64990234375,3569.13989257813,3580.3701171875,0.0,2,0.9999712470033508
2001-05-10,3568.27001953125,3588.94995117188,3550.05004882813,3586.580078125,0.0,2,0.9999722937881753
2001-05-11,3559.77001953125,3577.7900390625,3545.18994140625,3564.64990234375,0.0,2,0.9999729960545788
2001-05-14,3568.92993164063,3577.28002929688,3536.57006835938,3552.55004882813,0.0,2,0.9999731090699421
2001-05-15,3576.9599609375,3579.35009765625,3420.13989257813,3480.419921875,0.0,2,0.9997535799626751
2001-05-16,3592.06005859375,3630.26000976563,3585.7900390625,3585.7900390625,0.0,2,0.99997010684559
2001-05-17,3669.76000976563,3675.44995117188,3607.4599609375,3607.4599609375,0.0,2,0.9999669413748917
2001-05-18,3655.03002929688,3700.8798828125,3648.36010742188,3674.419921875,0.0,2,0.9999725778031819
2001-05-21,3640.10009765625,3681.18994140625,3630.60009765625,3656.09008789063,0.0,2,0.9999731432260818
2001-05-22,3640.60009765625,3663.15991210938,3630.03002929688,3643.2900390625,0.0,2,0.9999727269908293
2001-05-23,3674.5400390625,3683.52001953125,3640.80004882813,3640.80004882813,0.0,2,0.9999720691046693
2001-05-24,3683.19995117188,3709.17993164063,3670.90991210938,3670.90991210938,0.0,2,0.9999715455721226
2001-05-25,3659.81005859375,3700.65991210938,3647.35009765625,3686.15991210938,0.0,2,0.9999732154843433
2001-05-28,3720.14990234375,3728.05004882813,3663.06005859375,3663.06005859375,0.0,2,0.9999681589990375
2001-05-29,3742.07006835938,3751.69995117188,3725.830078125,3732.03002929688,0.0,2,0.9999714413798448
2001-05-30,3662.0400390625,3759.9599609375,3653.31005859375,3745.57006835938,0.0,2,0.9999561849152212
2001-05-31,3631.90991210938,3638.4599609375,3592.21997070313,3623.6201171875,0.0,2,0.9999714806558495
2001-06-01,3557.63989257813,3651.32006835938,3555.73999023438,3637.03002929688,0.0,2,0.9999606689393911
2001-06-04,3498.3798828125,3590.56005859375,3490.830078125,3565.8798828125,0.0,2,0.9999614477511725
2001-06-05,3460.0400390625,3510.67993164063,3434.8798828125,3495.98999023438,0.0,2,0.9999716521505237
2001-06-06,3457.31005859375,3507.23999023438,3448.43994140625,3473.32006835938,0.0,2,0.9999725675689081
2001-06-07,3457.23999023438,3459.51000976563,3395.52001953125,3455.86010742188,0.0,2,0.9999617549028564
2001-06-08,3495.84008789063,3502.78002929688,3452.93994140625,3466.65991210938,0.0,2,0.9999728718736967
2001-06-11,3509.32006835938,3525.0400390625,3482.80004882813,3507.34008789063,0.0,2,0.9999736793578623
2001-06-12,3498.38989257813,3517.36010742188,3484.080078125,3504.23999023438,0.0,2,0.999973281918898
2001-06-13,3501.61010742188,3519.1298828125,3492.94995117188,3499.32006835938,0.0,2,0.9999723267697002
2001-06-14,3453.77001953125,3501.5,3446.9599609375,3491.36010742188,0.0,2,0.9999730019714068
2001-06-15,3372.93994140625,3434.330078125,3360.11010742188,3434.330078125,0.0,2,0.999969133541966
2001-06-18,3353.11010742188,3368.67993164063,3295.34008789063,3368.67993164063,0.0,2,0.9999615537249003
2001-06-19,3410.94995117188,3418.98999023438,3339.84008789063,3357.11010742188,0.0,2,0.9999666084749952
2001-06-20,3406.05004882813,3420.330078125,3369.31005859375,3410.10009765625,0.0,2,0.9999722616873307
2001-06-21,3405.63989257813,3427.75,3385.8701171875,3408.28002929688,0.0,2,0.9999743397004235
2001-06-22,3381.76000976563,3409.76000976563,3361.7900390625,3402.13989257813,0.0,2,0.9999736982731918
2001-06-25,3318.669921875,3378.169921875,3306.830078125,3378.169921875,0.0,2,0.9999698953766523
2001-06-26,3407.32006835938,3417.93994140625,3287.93994140625,3313.1298828125,0.0,2,0.9999102843405195
2001-06-27,3411.63989257813,3434.1298828125,3378.53002929688,3407.67993164063,0.0,2,0.9999742838851265
2001-06-28,3404.86010742188,3427.3701171875,3391.71997070313,3411.67993164063,0.0,2,0.9999738661891477
2001-06-29,3456.78002929688,3474.7099609375,3394.90991210938,3406.7900390625,0.0,2,0.9999676537862273
2001-07-02,3426.03002929688,3487.0,3418.28002929688,3459.14990234375,0.0,2,0.9999717328844737
2001-07-03,3312.2900390625,3452.11010742188,3300.14990234375,3452.11010742188,0.0,2,0.9998705561650711
2001-07-04,3311.8798828125,3337.52001953125,3286.77001953125,3295.85009765625,0.0,2,0.999974007945742
2001-07-05,3317.6298828125,3364.80004882813,3306.73999023438,3321.13989257813,0.0,2,0.9999720271884487
2001-07-06,3305.78002929688,3317.6298828125,3286.73999023438,3317.6298828125,0.0,2,0.9999722075481278
2001-07-09,3290.81005859375,3299.57006835938,3260.67993164063,3290.85009765625,0.0,2,0.9999728839372588
2001-07-10,3328.27001953125,3340.8798828125,3296.40991210938,3300.97998046875,0.0,2,0.9999737512567547
2001-07-11,3376.2099609375,3388.75,3316.85009765625,3328.3701171875,0.0,2,0.9999696986389527
2001-07-12,3452.75,3459.3701171875,3384.73999023438,3390.34008789063,0.0,2,0.9999663277056215
2001-07-13,3453.98999023438,3513.7900390625,3438.03002929688,3470.93994140625,0.0,2,0.9999707726722543
2001-07-16,3434.830078125,3478.11010742188,3427.82006835938,3453.6298828125,0.0,2,0.9999734816583601
2001-07-17,3431.92993164063,3440.2900390625,3397.64990234375,3414.06005859375,0.0,2,0.999973556032963
2001-07-18,3383.40991210938,3446.17993164063,3377.580078125,3434.93994140625,0.0,2,0.9999712266758656
2001-07-19,3370.92993164063,3380.27001953125,3352.1201171875,3372.919921875,0.0,2,0.9999726088566615
2001-07-20,3340.75,3389.48999023438,3331.419921875,3375.82006835938,0.0,2,0.9999734790102411
2001-07-23,3330.97998046875,3340.88989257813,3310.94995117188,3340.88989257813,0.0,2,0.9999719100353539
2001-07-24,3335.080078125,3340.90991210938,3306.169921875,3326.84008789063,0.0,2,0.9999730941607691
2001-07-25,3301.96997070313,3338.21997070313,3296.42993164063,3307.15991210938,0.0,2,0.9999731669115941
2001-07-26,3259.03002929688,3318.60009765625,3254.28002929688,3298.63989257813,0.0,2,0.9999724581752101
2001-07-27,3251.53002929688,3278.85009765625,3241.65991210938,3260.0400390625,0.0,2,0.9999743482877552
2001-07-30,3285.88989257813,3289.4599609375,3249.4599609375,3255.919921875,0.0,2,0.9999734485946393
2001-07-31,3329.28002929688,3335.669921875,3255.97998046875,3288.86010742188,0.0,2,0.9999664071824541
2001-08-01,3284.169921875,3346.2099609375,3276.71997070313,3335.0,0.0,2,0.9999715493216139
2001-08-02,3298.78002929688,3310.86010742188,3278.5400390625,3293.830078125,0.0,2,0.9999738639359229
2001-08-03,3325.3798828125,3337.7900390625,3300.02001953125,3300.02001953125,0.0,2,0.9999734673635006
2001-08-06,3329.94995117188,3356.34008789063,3322.43994140625,3323.36010742188,0.0,2,0.9999726166607827
2001-08-07,3319.669921875,3345.97998046875,3317.43994140625,3322.81005859375,0.0,2,0.9999725347927911
2001-08-08,3302.32006835938,3321.17993164063,3294.18994140625,3317.51000976563,0.0,2,0.9999728002151985
2001-08-09,3319.61010742188,3324.9599609375,3279.6201171875,3290.86010742188,0.0,2,0.9999734542041684
2001-08-10,3316.2099609375,3335.7099609375,3308.76000976563,3312.5,0.0,2,0.9999728797824693
2001-08-13,3287.6201171875,3332.28002929688,3283.43994140625,3321.18994140625,0.0,2,0.9999736331857949
2001-08-14,3331.88989257813,3336.46997070313,3290.580078125,3290.580078125,0.0,2,0.9999725949388322
2001-08-16,3337.90991210938,3357.07006835938,3321.73999023438,3326.23999023438,0.0,2,0.9999736744093787
2001-08-17,3296.7099609375,3359.07006835938,3293.830078125,3341.94995117188,0.0,2,0.9999718327188796
2001-08-20,3278.919921875,3290.23999023438,3271.5400390625,3287.68994140625,0.0,2,0.9999717079062208
2001-08-21,3297.42993164063,3310.53002929688,3286.1298828125,3286.1298828125,0.0,2,0.9999727185389053
2001-08-23,3308.7900390625,3316.330078125,3292.65991210938,3307.2900390625,0.0,2,0.999972531177656
2001-08-24,3305.51000976563,3308.89990234375,3287.580078125,3302.21997070313,0.0,2,0.9999718337386502
2001-08-27,3318.32006835938,3337.93994140625,3310.2900390625,3318.43994140625,0.0,2,0.999973191458226
2001-08-28,3313.07006835938,3333.169921875,3308.35009765625,3318.64990234375,0.0,2,0.999972789517146
2001-08-29,3300.6201171875,3327.669921875,3282.30004882813,3282.30004882813,0.0,2,0.9999728314579116
2001-08-30,3286.8701171875,3305.97998046875,3281.169921875,3296.78002929688,0.0,2,0.9999728910216539
2001-08-31,3244.94995117188,3282.38989257813,3241.1201171875,3282.38989257813,0.0,2,0.9999730899622602
2001-09-03,3227.1201171875,3267.92993164063,3222.75,3245.7099609375,0.0,2,0.9999739520353136
2001-09-04,3231.60009765625,3246.76000976563,3209.84008789063,3227.86010742188,0.0,2,0.9999745018426895
2001-09-05,3228.60009765625,3245.98999023438,3218.0400390625,3232.8798828125,0.0,2,0.999973689368773
2001-09-06,3202.55004882813,3233.48999023438,3187.65991210938,3219.84008789063,0.0,2,0.9999747917305267
2001-09-07,3198.39990234375,3203.5400390625,3166.96997070313,3196.40991210938,0.0,2,0.9999725543385781
2001-09-10,3183.6298828125,3224.89990234375,3180.85009765625,3224.89990234375,0.0,2,0.9999731311789508
2001-09-11,3150.39990234375,3198.81005859375,3141.57006835938,3189.09008789063,0.0,2,0.999973753887868
2001-09-12,3032.7099609375,3046.21997070313,2954.35009765625,3030.2900390625,0.0,2,0.9999544324088453
2001-09-13,2987.5,3068.48999023438,2982.15991210938,3038.8798828125,0.0,2,0.9999676222732522
2001-09-14,2830.1201171875,2986.86010742188,2770.23999023438,2986.86010742188,0.0,2,0.9989741933462547
2001-09-17,2680.97998046875,2758.15991210938,2640.580078125,2758.15991210938,0.0,2,0.9999473120889641
2001-09-18,2782.46997070313,2814.07006835938,2680.0400390625,2680.0400390625,0.0,2,0.9998896193991909
2001-09-19,2804.15991210938,2817.47998046875,2785.3701171875,2785.3701171875,0.0,2,0.9999750282873359
2001-09-20,2761.65991210938,2781.4599609375,2674.82006835938,2781.4599609375,0.0,2,0.9999249062672003
2001-09-21,2600.1201171875,2753.9599609375,2594.8701171875,2753.9599609375,0.0,2,0.9998243426754405
2001-09-24,2651.78002929688,2688.94995117188,2627.25,2627.25,0.0,2,0.999971858239737
2001-09-25,2617.35009765625,2727.32006835938,2613.53002929688,2668.3701171875,0.0,2,0.9999445744211279
2001-09-26,2667.34008789063,2682.59008789063,2615.0400390625,2621.88989257813,0.0,2,0.9999723176880501
2001-09-27,2715.5,2726.96997070313,2669.05004882813,2674.2900390625,0.0,2,0.9999738247194945
2001-09-28,2811.60009765625,2830.35009765625,2727.34008789063,2727.34008789063,0.0,2,0.9999484437877056
2001-10-01,2795.30004882813,2822.77001953125,2773.03002929688,2817.73999023438,0.0,2,0.9999748335883408
2001-10-03,2754.94995117188,2808.44995117188,2742.85009765625,2802.23999023438,0.0,2,0.9999734567542244
2001-10-04,2788.96997070313,2798.68994140625,2763.169921875,2763.169921875,0.0,2,0.999975102093108
2001-10-05,2812.89990234375,2826.15991210938,2765.2099609375,2789.10009765625,0.0,2,0.999974340845313
2001-10-08,2765.3701171875,2784.09008789063,2718.40991210938,2767.92993164063,0.0,2,0.9999725407074707
2001-10-09,2794.419921875,2802.34008789063,2772.2099609375,2772.2099609375,0.0,2,0.9999749527881006
2001-10-10,2896.60009765625,2904.59008789063,2836.73999023438,2836.73999023438,0.0,2,0.9999695104678382
2001-10-11,2943.68994140625,2956.86010742188,2899.80004882813,2899.80004882813,0.0,2,0.9999728161330119
2001-10-12,2959.38989257813,2989.6298828125,2947.34008789063,2960.5,0.0,2,0.999975156416522
2001-10-15,2976.30004882813,2983.330078125,2940.080078125,2951.68994140625,0.0,2,0.9999747671572037
2001-10-16,2992.4599609375,3002.0,2971.57006835938,2978.11010742188,0.0,2,0.9999746614630702
2001-10-17,3043.85009765625,3050.07006835938,2998.86010742188,2998.86010742188,0.0,2,0.9999729467466366
2001-10-18,2981.330078125,3034.96997070313,2967.67993164063,3023.2900390625,0.0,2,0.9999733989347809
2001-10-19,3016.84008789063,3025.88989257813,3003.02001953125,3003.02001953125,0.0,2,0.9999736681998711
2001-10-22,3001.86010742188,3061.77001953125,2993.88989257813,3025.03002929688,0.0,2,0.999972236519735
2001-10-23,3061.90991210938,3065.47998046875,3010.93994140625,3010.93994140625,0.0,2,0.9999719751030638
2001-10-24,3040.15991210938,3083.64990234375,3026.6298828125,3057.0,0.0,2,0.9999749015340266
2001-10-25,3022.15991210938,3066.0400390625,3013.830078125,3047.38989257813,0.0,2,0.9999748251157761
2001-10-29,3009.330078125,3063.89990234375,3004.03002929688,3028.7099609375,0.0,2,0.9999728441639641
2001-10-30,2957.44995117188,2995.3701171875,2953.3798828125,2995.3701171875,0.0,2,0.9999739858816864
2001-10-31,2989.35009765625,2998.69995117188,2942.48999023438,2958.38989257813,0.0,2,0.9999739541305892
2001-11-01,3049.80004882813,3062.77001953125,3003.94995117188,3003.94995117188,0.0,2,0.9999721762166046
2001-11-02,3052.60009765625,3100.2900390625,3040.84008789063,3059.52001953125,0.0,2,0.999973275063978
2001-11-05,3037.01000976563,3070.65991210938,3030.57006835938,3058.11010742188,0.0,2,0.9999748194711287
2001-11-06,3068.88989257813,3087.59008789063,3038.02001953125,3038.02001953125,0.0,2,0.9999736954358845
2001-11-07,3013.93994140625,3109.26000976563,3006.96997070313,3071.78002929688,0.0,2,0.9999602813454315
2001-11-08,3059.96997070313,3067.55004882813,3017.40991210938,3020.38989257813,0.0,2,0.9999735311631154
2001-11-09,3079.669921875,3092.01000976563,3069.6201171875,3070.580078125,0.0,2,0.9999733632465584
2001-11-12,3094.13989257813,3106.42993164063,3081.14990234375,3084.419921875,0.0,2,0.9999737798842998
2001-11-13,3077.18994140625,3101.580078125,3059.419921875,3093.78002929688,0.0,2,0.9999746697228884
2001-11-14,3113.0400390625,3124.330078125,3079.8798828125,3079.8798828125,0.0,2,0.9999738694652148
2001-11-15,3180.22998046875,3195.52001953125,3107.80004882813,3116.71997070313,0.0,2,0.9999632585715822
2001-11-19,3280.47998046875,3293.28002929688,3205.4599609375,3211.26000976563,0.0,2,0.9999614718199545
2001-11-20,3231.65991210938,3326.76000976563,3223.98999023438,3296.169921875,0.0,2,0.9999603615988981
2001-11-21,3244.09008789063,3273.30004882813,3223.32006835938,3233.61010742188,0.0,2,0.9999741918548725
2001-11-22,3258.1298828125,3305.84008789063,3246.47998046875,3246.47998046875,0.0,2,0.9999683457687624
2001-11-23,3252.19995117188,3301.34008789063,3245.580078125,3263.06005859375,0.0,2,0.9999723684947883
2001-11-26,3322.77001953125,3335.94995117188,3262.92993164063,3262.92993164063,0.0,2,0.9999673071967913
2001-11-27,3287.57006835938,3377.81005859375,3278.68994140625,3360.92993164063,0.0,2,0.9999620485372427
2001-11-28,3294.1201171875,3322.52001953125,3283.080078125,3289.69995117188,0.0,2,0.9999735877440877
2001-11-29,3287.56005859375,3296.97998046875,3270.27001953125,3284.32006835938,0.0,2,0.9999731936387523
2001-12-03,3275.46997070313,3311.830078125,3271.55004882813,3301.05004882813,0.0,2,0.9999738189788325
2001-12-04,3320.28002929688,3335.36010742188,3276.64990234375,3276.64990234375,0.0,2,0.9999716016253202
2001-12-05,3409.63989257813,3416.03002929688,3334.63989257813,3334.63989257813,0.0,2,0.9999615960415013
2001-12-06,3431.57006835938,3500.19995117188,3414.42993164063,3440.56005859375,0.0,2,0.9999654223624306
2001-12-07,3436.3701171875,3468.28002929688,3426.06005859375,3433.82006835938,0.0,2,0.9999729980398917
2001-12-10,3442.88989257813,3468.18994140625,3434.0400390625,3445.21997070313,0.0,2,0.9999733039486233
2001-12-11,3419.1298828125,3467.080078125,3416.56005859375,3440.3798828125,0.0,2,0.9999726597912093
2001-12-12,3412.14990234375,3462.96997070313,3404.3701171875,3436.34008789063,0.0,2,0.9999730771356464
2001-12-13,3388.59008789063,3440.52001953125,3308.86010742188,3412.59008789063,0.0,2,0.9999363198171773
2001-12-14,3353.60009765625,3388.8701171875,3336.17993164063,3388.8701171875,0.0,2,0.9999725519821883
2001-12-18,3335.8798828125,3384.65991210938,3301.36010742188,3362.669921875,0.0,2,0.9999711953362093
2001-12-19,3262.669921875,3350.72998046875,3257.44995117188,3340.64990234375,0.0,2,0.9999630713169492
2001-12-20,3271.63989257813,3281.1201171875,3231.30004882813,3257.23999023438,0.0,2,0.9999736049869308
2001-12-21,3235.48999023438,3268.98999023438,3218.92993164063,3268.98999023438,0.0,2,0.999973066130595
2001-12-24,3232.96997070313,3244.23999023438,3181.57006835938,3227.30004882813,0.0,2,0.9999706282497149
2001-12-26,3175.86010742188,3262.919921875,3170.22998046875,3227.80004882813,0.0,2,0.9999644443908506
2001-12-27,3131.78002929688,3193.38989257813,3126.64990234375,3172.27001953125,0.0,2,0.9999724601249922
2001-12-28,3184.43994140625,3186.330078125,3100.57006835938,3132.27001953125,0.0,2,0.9999620426178789
2001-12-31,3262.330078125,3270.67993164063,3186.82006835938,3186.82006835938,0.0,2,0.9999610097624303
2002-01-02,3269.15991210938,3280.42993164063,3243.32006835938,3243.84008789063,0.0,2,0.9999736851519727
2002-01-03,3308.02001953125,3309.3798828125,3272.2099609375,3282.67993164063,0.0,2,0.9999731704838726
2002-01-04,3375.73999023438,3393.65991210938,3323.55004882813,3323.55004882813,0.0,2,0.9999686994688718
2002-01-07,3401.80004882813,3438.86010742188,3377.1298828125,3377.1298828125,0.0,2,0.9999698491427984
2002-01-08,3437.78002929688,3454.5,3397.15991210938,3407.57006835938,0.0,2,0.9999730683016638
2002-01-09,3400.88989257813,3466.72998046875,3392.61010742188,3440.43994140625,0.0,2,0.9999709578369822
2002-01-10,3381.9599609375,3413.25,3371.90991210938,3396.09008789063,0.0,2,0.9999741073374233
2002-01-11,3362.8798828125,3401.80004882813,3298.85009765625,3381.40991210938,0.0,2,0.9999595357744377
2002-01-14,3407.84008789063,3446.919921875,3373.68994140625,3373.68994140625,0.0,2,0.9999669535274353
2002-01-15,3352.52001953125,3413.02001953125,3340.01000976563,3405.89990234375,0.0,2,0.9999707660592061
2002-01-16,3348.80004882813,3393.34008789063,3331.39990234375,3357.169921875,0.0,2,0.9999736504144922
2002-01-17,3401.14990234375,3420.23999023438,3309.96997070313,3348.80004882813,0.0,2,0.9999530058083081
2002-01-18,3377.05004882813,3439.830078125,3366.13989257813,3408.28002929688,0.0,2,0.9999714134135469
2002-01-21,3382.2900390625,3396.919921875,3369.72998046875,3370.5,0.0,2,0.999972723214959
2002-01-22,3368.28002929688,3402.919921875,3365.01000976563,3383.0,0.0,2,0.999973361767326
2002-01-23,3373.07006835938,3397.76000976563,3365.53002929688,3368.90991210938,0.0,2,0.9999727975306564
2002-01-24,3357.7900390625,3399.09008789063,3352.84008789063,3380.75,0.0,2,0.9999737217004595
2002-01-25,3332.30004882813,3366.0,3326.02001953125,3358.19995117188,0.0,2,0.9999736735327732
2002-01-28,3317.63989257813,3363.169921875,3312.73999023438,3338.3701171875,0.0,2,0.9999734983306364
2002-01-29,3313.28002929688,3332.56005859375,3304.1201171875,3317.61010742188,0.0,2,0.9999734267533703
2002-01-30,3298.7900390625,3309.97998046875,3275.580078125,3302.72998046875,0.0,2,0.9999731477209006
2002-01-31,3311.03002929688,3339.97998046875,3303.01000976563,3305.90991210938,0.0,2,0.9999728596204673
2002-02-01,3333.919921875,3356.05004882813,3325.97998046875,3334.68994140625,0.0,2,0.999973320265759
2002-02-04,3317.01000976563,3353.2900390625,3312.55004882813,3336.169921875,0.0,2,0.9999738167033221
2002-02-05,3311.72998046875,3322.42993164063,3290.0,3316.419921875,0.0,2,0.9999729136482032
2002-02-06,3427.38989257813,3433.02001953125,3329.22998046875,3329.22998046875,0.0,2,0.9999402411300261
2002-02-07,3436.93994140625,3495.830078125,3423.31005859375,3439.6201171875,0.0,2,0.9999680559276134
2002-02-08,3493.919921875,3514.75,3444.8701171875,3444.88989257813,0.0,2,0.9999686215872207
2002-02-11,3515.44995117188,3551.94995117188,3500.40991210938,3500.40991210938,0.0,2,0.999970639045228
2002-02-12,3497.67993164063,3554.72998046875,3480.10009765625,3523.30004882813,0.0,2,0.9999720599512978
2002-02-13,3519.8701171875,3535.57006835938,3504.88989257813,3504.88989257813,0.0,2,0.9999724348872557
2002-02-14,3557.06005859375,3564.35009765625,3536.35009765625,3544.32006835938,0.0,2,0.9999723728905034
2002-02-15,3602.02001953125,3612.830078125,3560.97998046875,3560.97998046875,0.0,2,0.9999716173179748
2002-02-18,3633.92993164063,3651.02001953125,3586.78002929688,3611.32006835938,0.0,2,0.9999723851975666
2002-02-19,3597.61010742188,3652.76000976563,3588.92993164063,3641.78002929688,0.0,2,0.9999718301394369
2002-02-20,3558.2099609375,3583.169921875,3542.06005859375,3572.9599609375,0.0,2,0.9999733937979742
2002-02-21,3570.4599609375,3590.98999023438,3558.82006835938,3569.94995117188,0.0,2,0.9999729047817439
2002-02-22,3604.080078125,3605.59008789063,3558.09008789063,3565.63989257813,0.0,2,0.9999717089966421
2002-02-25,3613.51000976563,3618.30004882813,3580.88989257813,3610.2099609375,0.0,2,0.9999711098481417
2002-02-26,3712.73999023438,3726.76000976563,3631.55004882813,3631.55004882813,0.0,2,0.9999528412488333
2002-02-27,3705.65991210938,3758.11010742188,3677.6201171875,3721.43994140625,0.0,2,0.9999714766924237
2002-02-28,3562.31005859375,3731.28002929688,3537.18994140625,3711.10009765625,0.0,2,0.9996378941372965
2002-03-01,3678.75,3693.919921875,3551.56005859375,3551.56005859375,0.0,2,0.9998331465198684
2002-03-04,3642.580078125,3758.27001953125,3635.3798828125,3734.0400390625,0.0,2,0.9999424134668573
2002-03-05,3641.10009765625,3692.53002929688,3634.26000976563,3655.080078125,0.0,2,0.9999712270649264
2002-03-06,3614.43994140625,3656.8701171875,3585.830078125,3647.09008789063,0.0,2,0.9999712414308238
2002-03-07,3690.27001953125,3691.92993164063,3621.07006835938,3621.07006835938,0.0,2,0.9999648171670451
2002-03-08,3656.77001953125,3703.7900390625,3645.89990234375,3692.61010742188,0.0,2,0.9999725805213987
2002-03-11,3603.96997070313,3675.26000976563,3594.60009765625,3675.26000976563,0.0,2,0.9999662765961682
2002-03-12,3535.80004882813,3603.15991210938,3522.90991210938,3603.15991210938,0.0,2,0.9999670051469625
2002-03-13,3569.6201171875,3601.82006835938,3531.02001953125,3531.47998046875,0.0,2,0.9999680923626553
2002-03-14,3580.830078125,3590.42993164063,3562.169921875,3573.97998046875,0.0,2,0.999972377277369
2002-03-15,3617.67993164063,3626.330078125,3590.34008789063,3593.56005859375,0.0,2,0.9999726027981468
2002-03-18,3613.28002929688,3663.39990234375,3603.97998046875,3633.3701171875,0.0,2,0.999972487167991
2002-03-19,3560.32006835938,3629.47998046875,3554.64990234375,3618.38989257813,0.0,2,0.99996933161322
2002-03-20,3581.32006835938,3587.19995117188,3556.73999023438,3576.22998046875,0.0,2,0.9999719092518357
2002-03-21,3536.26000976563,3582.55004882813,3530.01000976563,3580.22998046875,0.0,2,0.9999720904793225
2002-03-22,3516.11010742188,3555.3798828125,3506.55004882813,3555.3798828125,0.0,2,0.9999722522042462
2002-03-26,3466.2900390625,3566.080078125,3461.09008789063,3517.36010742188,0.0,2,0.9999546819466935
2002-03-27,3459.080078125,3503.80004882813,3454.27001953125,3472.9599609375,0.0,2,0.999972599482188
2002-03-28,3469.35009765625,3499.53002929688,3462.1201171875,3464.32006835938,0.0,2,0.9999720636936005
2002-04-01,3500.17993164063,3519.32006835938,3482.93994140625,3482.93994140625,0.0,2,0.9999726963353386
2002-04-02,3505.7900390625,3537.2900390625,3490.8701171875,3505.39990234375,0.0,2,0.9999736691930488
2002-04-03,3462.98999023438,3500.76000976563,3458.85009765625,3500.76000976563,0.0,2,0.9999723771786809
2002-04-04,3512.55004882813,3529.02001953125,3463.2900390625,3463.2900390625,0.0,2,0.9999695230516745
2002-04-05,3500.57006835938,3538.48999023438,3499.06005859375,3516.42993164063,0.0,2,0.9999726030788816
2002-04-08,3480.169921875,3521.40991210938,3478.92993164063,3502.09008789063,0.0,2,0.9999728187290975
2002-04-09,3463.330078125,3491.60009765625,3447.78002929688,3482.51000976563,0.0,2,0.9999736805012376
2002-04-10,3479.59008789063,3494.18994140625,3460.03002929688,3465.38989257813,0.0,2,0.9999732814013028
2002-04-11,3497.669921875,3512.28002929688,3482.43994140625,3482.43994140625,0.0,2,0.9999724877174706
2002-04-12,3510.89990234375,3521.419921875,3488.6201171875,3496.38989257813,0.0,2,0.9999731144994084
2002-04-15,3461.51000976563,3533.02001953125,3454.97998046875,3514.01000976563,0.0,2,0.9999694663182163
2002-04-16,3413.71997070313,3459.080078125,3411.72998046875,3459.080078125,0.0,2,0.9999721646782126
2002-04-17,3421.82006835938,3458.7900390625,3412.7099609375,3444.09008789063,0.0,2,0.9999739104872291
2002-04-18,3420.93994140625,3439.46997070313,3408.0400390625,3425.7099609375,0.0,2,0.999973403847396
2002-04-19,3364.39990234375,3430.3701171875,3359.23999023438,3420.0400390625,0.0,2,0.9999705536750018
2002-04-22,3390.25,3396.52001953125,3332.73999023438,3364.17993164063,0.0,2,0.9999706785238988
2002-04-23,3403.82006835938,3412.15991210938,3383.11010742188,3387.69995117188,0.0,2,0.9999730456793777
2002-04-24,3411.919921875,3420.96997070313,3401.55004882813,3408.84008789063,0.0,2,0.999971722698421
2002-04-25,3359.63989257813,3421.8798828125,3350.93994140625,3420.6201171875,0.0,2,0.9999698437575301
2002-04-26,3371.69995117188,3383.7099609375,3362.830078125,3364.17993164063,0.0,2,0.999972025347722
2002-04-29,3301.2099609375,3372.93994140625,3296.8798828125,3372.93994140625,0.0,2,0.9999677606379733
2002-04-30,3338.15991210938,3340.36010742188,3303.10009765625,3303.10009765625,0.0,2,0.9999728723955192
2002-05-02,3372.56005859375,3383.92993164063,3357.76000976563,3361.330078125,0.0,2,0.9999728802665276
2002-05-03,3380.61010742188,3385.21997070313,3364.85009765625,3372.75,0.0,2,0.9999718718450965
2002-05-06,3384.35009765625,3394.88989257813,3375.69995117188,3386.01000976563,0.0,2,0.9999717187526401
2002-05-07,3423.75,3425.5,3372.23999023438,3378.21997070313,0.0,2,0.9999714777904793
2002-05-08,3435.06005859375,3453.75,3432.5400390625,3434.23999023438,0.0,2,0.9999714022783177
2002-05-09,3462.01000976563,3478.02001953125,3448.3701171875,3458.31005859375,0.0,2,0.9999731004333284
2002-05-10,3431.32006835938,3456.78002929688,3414.3701171875,3454.85009765625,0.0,2,0.9999728761259842
2002-05-13,3442.48999023438,3446.51000976563,3429.8798828125,3436.8701171875,0.0,2,0.999970905179022
2002-05-14,3420.330078125,3458.580078125,3412.0,3450.580078125,0.0,2,0.9999734944210711
2002-05-15,3395.59008789063,3435.67993164063,3382.11010742188,3422.07006835938,0.0,2,0.9999739761098003
2002-05-16,3355.61010742188,3405.2900390625,3342.34008789063,3399.13989257813,0.0,2,0.9999724661564919
2002-05-17,3333.76000976563,3373.39990234375,3310.86010742188,3357.2900390625,0.0,2,0.9999739225489814
2002-05-20,3282.81005859375,3361.77001953125,3274.6201171875,3343.65991210938,0.0,2,0.9999673569766666
2002-05-21,3186.53002929688,3266.15991210938,3127.8701171875,3266.15991210938,0.0,2,0.9999135418968961
2002-05-22,3175.48999023438,3198.81005859375,3144.17993164063,3187.5400390625,0.0,2,0.9999738104839054
2002-05-23,3114.05004882813,3193.63989257813,3106.56005859375,3193.63989257813,0.0,2,0.9999647109280798
2002-05-24,3255.6201171875,3261.89990234375,3153.03002929688,3153.03002929688,0.0,2,0.999933320191841
2002-05-27,3243.40991210938,3264.18994140625,3200.93994140625,3264.18994140625,0.0,2,0.9999686176185838
2002-05-28,3146.830078125,3231.82006835938,3140.3798828125,3231.82006835938,0.0,2,0.9999623614148575
2002-05-29,3160.23999023438,3179.85009765625,3108.0,3155.669921875,0.0,2,0.999971288707835
2002-05-30,3135.88989257813,3192.5,3131.6298828125,3161.90991210938,0.0,2,0.9999726688630963
2002-05-31,3125.72998046875,3140.03002929688,3097.72998046875,3136.40991210938,0.0,2,0.9999731237000642
2002-06-03,3161.09008789063,3185.57006835938,3148.57006835938,3162.27001953125,0.0,2,0.9999746641385938
2002-06-04,3191.60009765625,3195.56005859375,3161.42993164063,3161.42993164063,0.0,2,0.9999735515647017
2002-06-05,3255.52001953125,3269.23999023438,3200.7099609375,3200.7099609375,0.0,2,0.9999691503817284
2002-06-06,3259.31005859375,3282.35009765625,3229.3798828125,3277.35009765625,0.0,2,0.9999727733024124
2002-06-07,3217.76000976563,3246.96997070313,3205.51000976563,3246.96997070313,0.0,2,0.9999733966242319
2002-06-10,3279.48999023438,3283.25,3231.09008789063,3231.09008789063,0.0,2,0.9999718149976046
2002-06-11,3362.419921875,3368.56005859375,3323.3701171875,3339.9599609375,0.0,2,0.9999734320985417
2002-06-12,3344.40991210938,3377.8798828125,3337.38989257813,3359.27001953125,0.0,2,0.9999739640678639
2002-06-13,3311.15991210938,3369.6298828125,3307.15991210938,3358.96997070313,0.0,2,0.9999721508531803
2002-06-14,3312.07006835938,3321.919921875,3295.63989257813,3312.05004882813,0.0,2,0.9999729357047957
2002-06-17,3323.5,3350.43994140625,3318.69995117188,3350.03002929688,0.0,2,0.999972725527922
2002-06-18,3284.5400390625,3361.72998046875,3282.32006835938,3337.32006835938,0.0,2,0.9999684454358257
2002-06-19,3242.26000976563,3306.11010742188,3222.22998046875,3284.32006835938,0.0,2,0.9999707265673978
2002-06-20,3264.02001953125,3276.06005859375,3223.46997070313,3223.46997070313,0.0,2,0.9999726129232206
2002-06-21,3242.75,3268.10009765625,3232.65991210938,3268.10009765625,0.0,2,0.9999732086216471
2002-06-24,3231.6201171875,3238.3701171875,3210.94995117188,3238.3701171875,0.0,2,0.9999719107168306
2002-06-25,3214.34008789063,3244.330078125,3193.67993164063,3226.2099609375,0.0,2,0.9999749847557514
2002-06-26,3180.88989257813,3214.34008789063,3180.88989257813,3214.34008789063,0.0,2,0.9999729925193476
2002-06-27,3217.14990234375,3221.60009765625,3189.9599609375,3199.03002929688,0.0,2,0.9999736899553567
2002-06-28,3244.69995117188,3252.64990234375,3222.09008789063,3231.23999023438,0.0,2,0.9999737817861135
2002-07-01,3288.7099609375,3293.2099609375,3246.43994140625,3246.43994140625,0.0,2,0.9999726270162226
2002-07-02,3285.0400390625,3296.8701171875,3274.03002929688,3276.2099609375,0.0,2,0.9999727166361735
2002-07-03,3310.18994140625,3314.22998046875,3279.830078125,3283.03002929688,0.0,2,0.9999733339665832
2002-07-04,3316.77001953125,3337.68994140625,3313.73999023438,3322.31005859375,0.0,2,0.9999725241229066
2002-07-05,3330.61010742188,3334.8701171875,3309.61010742188,3322.13989257813,0.0,2,0.9999725675689969
2002-07-08,3357.65991210938,3366.71997070313,3332.1201171875,3336.13989257813,0.0,2,0.999973534785885
2002-07-09,3358.580078125,3361.919921875,3343.10009765625,3356.85009765625,0.0,2,0.9999712194846766
2002-07-10,3332.36010742188,3366.73999023438,3328.19995117188,3359.46997070313,0.0,2,0.9999734716551962
2002-07-11,3290.56005859375,3332.14990234375,3287.90991210938,3332.14990234375,0.0,2,0.9999727745568414
2002-07-12,3305.830078125,3318.330078125,3293.65991210938,3296.30004882813,0.0,2,0.9999728920741807
2002-07-15,3278.7099609375,3305.85009765625,3258.71997070313,3302.63989257813,0.0,2,0.9999734096236741
2002-07-16,3229.17993164063,3286.93994140625,3224.35009765625,3279.5,0.0,2,0.9999722019948399
2002-07-17,3216.07006835938,3236.67993164063,3192.669921875,3232.38989257813,0.0,2,0.9999735148254952
2002-07-18,3245.73999023438,3253.39990234375,3215.330078125,3224.22998046875,0.0,2,0.9999740633144412
2002-07-19,3230.27001953125,3250.59008789063,3227.27001953125,3239.65991210938,0.0,2,0.9999728230854232
2002-07-22,3153.34008789063,3212.830078125,3147.3701171875,3212.830078125,0.0,2,0.9999710334330834
2002-07-23,3176.92993164063,3179.080078125,3135.38989257813,3142.47998046875,0.0,2,0.9999734443262951
2002-07-24,3107.47998046875,3167.60009765625,3105.19995117188,3163.44995117188,0.0,2,0.9999718397399028
2002-07-25,3094.9599609375,3169.9599609375,3091.330078125,3149.17993164063,0.0,2,0.9999695273016529
2002-07-26,3024.35009765625,3084.34008789063,3011.88989257813,3079.330078125,0.0,2,0.9999713376798279
2002-07-29,3030.06005859375,3039.56005859375,2955.10009765625,3039.56005859375,0.0,2,0.9999488518354084
2002-07-30,2990.90991210938,3080.69995117188,2983.10009765625,3043.22998046875,0.0,2,0.9999631748762295
2002-07-31,2987.64990234375,2998.34008789063,2932.35009765625,2981.05004882813,0.0,2,0.9999700707294845
2002-08-01,2975.81005859375,3018.52001953125,2965.96997070313,2998.4599609375,0.0,2,0.999975081224405
2002-08-02,2985.01000976563,2992.18994140625,2933.38989257813,2960.47998046875,0.0,2,0.999973050603395
2002-08-05,3011.35009765625,3018.7099609375,2980.48999023438,2996.88989257813,0.0,2,0.9999747103348845
2002-08-06,3023.26000976563,3026.97998046875,2981.51000976563,2997.9599609375,0.0,2,0.9999740542561729
2002-08-07,3009.47998046875,3055.21997070313,3004.1201171875,3042.28002929688,0.0,2,0.999974492134234
2002-08-08,2950.09008789063,3019.48999023438,2945.5,3014.67993164063,0.0,2,0.999970102015639
2002-08-09,2976.34008789063,2982.51000976563,2931.78002929688,2974.67993164063,0.0,2,0.9999713501552969
2002-08-12,3007.85009765625,3014.30004882813,2972.59008789063,2972.59008789063,0.0,2,0.999974085889202
2002-08-13,3036.39990234375,3066.69995117188,3009.47998046875,3009.47998046875,0.0,2,0.9999723469375034
2002-08-14,3020.69995117188,3037.3701171875,3013.15991210938,3032.98999023438,0.0,2,0.9999735970988144
2002-08-16,3065.89990234375,3070.86010742188,3031.23999023438,3031.23999023438,0.0,2,0.9999739106223033
2002-08-19,3064.0400390625,3079.98999023438,3061.38989257813,3073.1298828125,0.0,2,0.999972742284532
2002-08-20,3089.580078125,3094.80004882813,3067.919921875,3071.1298828125,0.0,2,0.999973824805745
2002-08-21,3084.3798828125,3109.90991210938,3082.02001953125,3083.82006835938,0.0,2,0.9999730723086865
2002-08-22,3080.69995117188,3109.71997070313,3077.88989257813,3094.17993164063,0.0,2,0.9999741017524072
2002-08-23,3119.17993164063,3120.68994140625,3083.0,3083.0,0.0,2,0.9999735060300015
2002-08-26,3123.60009765625,3130.78002929688,3110.92993164063,3119.0,0.0,2,0.9999729108428042
2002-08-27,3097.85009765625,3142.52001953125,3093.89990234375,3128.40991210938,0.0,2,0.9999742632547257
2002-08-28,3099.3798828125,3103.3798828125,3078.1298828125,3093.65991210938,0.0,2,0.9999732010524488
2002-08-29,3114.15991210938,3117.53002929688,3091.56005859375,3099.1201171875,0.0,2,0.9999735547942604
2002-08-30,3181.22998046875,3185.080078125,3109.96997070313,3110.97998046875,0.0,2,0.9999651513240794
2002-09-02,3187.26000976563,3227.6201171875,3179.330078125,3206.81005859375,0.0,2,0.9999744869712816
2002-09-03,3159.77001953125,3193.43994140625,3150.10009765625,3190.19995117188,0.0,2,0.9999739604030368
2002-09-04,3173.35009765625,3180.60009765625,3126.75,3145.34008789063,0.0,2,0.9999734752151697
2002-09-05,3181.46997070313,3197.2900390625,3166.21997070313,3185.32006835938,0.0,2,0.999974110802988
2002-09-06,3141.11010742188,3177.48999023438,3131.14990234375,3176.14990234375,0.0,2,0.9999737133731459
2002-09-09,3089.46997070313,3126.30004882813,3081.6298828125,3121.89990234375,0.0,2,0.9999741959161802
2002-09-11,3125.65991210938,3130.40991210938,3096.92993164063,3096.92993164063,0.0,2,0.9999738204818077
2002-09-12,3131.34008789063,3136.8798828125,3120.44995117188,3125.55004882813,0.0,2,0.9999722967650289
2002-09-13,3098.93994140625,3127.2900390625,3093.7099609375,3115.97998046875,0.0,2,0.9999743196250725
2002-09-16,3076.01000976563,3109.90991210938,3072.42993164063,3107.88989257813,0.0,2,0.9999738515119638
2002-09-17,3103.89990234375,3107.88989257813,3078.15991210938,3078.15991210938,0.0,2,0.9999737542244113
2002-09-18,3069.78002929688,3094.61010742188,3062.42993164063,3084.02001953125,0.0,2,0.9999744311132169
2002-09-19,3040.30004882813,3071.10009765625,3027.5,3071.10009765625,0.0,2,0.999973919629036
2002-09-20,3024.35009765625,3030.80004882813,2993.78002929688,3010.13989257813,0.0,2,0.9999745485226695
2002-09-23,3021.28002929688,3035.92993164063,3008.5,3030.64990234375,0.0,2,0.9999739258227786
2002-09-24,3022.25,3032.21997070313,2993.01000976563,3005.919921875,0.0,2,0.9999749797729499
2002-09-25,3021.080078125,3023.64990234375,2973.96997070313,2973.96997070313,0.0,2,0.9999727967471445
2002-09-26,3014.68994140625,3038.06005859375,3011.419921875,3011.419921875,0.0,2,0.9999732415140882
2002-09-27,3037.26000976563,3039.42993164063,3012.82006835938,3020.22998046875,0.0,2,0.999973785049675
2002-09-30,2991.36010742188,3029.56005859375,2988.42993164063,3029.56005859375,0.0,2,0.9999738327073383
2002-10-01,2959.65991210938,2987.47998046875,2948.75,2976.0400390625,0.0,2,0.9999752149959916
2002-10-03,2938.06005859375,2970.2900390625,2921.68994140625,2963.61010742188,0.0,2,0.9999749068020786
2002-10-04,2930.51000976563,2942.15991210938,2916.3798828125,2934.669921875,0.0,2,0.9999741877470467
2002-10-07,2952.78002929688,2957.98999023438,2927.46997070313,2939.17993164063,0.0,2,0.9999745205824107
2002-10-08,2973.35009765625,2978.90991210938,2953.94995117188,2954.2900390625,0.0,2,0.9999739980852497
2002-10-09,2956.88989257813,2992.90991210938,2953.1298828125,2982.01000976563,0.0,2,0.9999747906597622
2002-10-10,2969.48999023438,2972.6201171875,2934.76000976563,2954.1298828125,0.0,2,0.9999741326727782
2002-10-11,2995.77001953125,3005.78002929688,2989.06005859375,2990.98999023438,0.0,2,0.9999728868106904
2002-10-14,3003.38989257813,3013.38989257813,2993.25,2996.15991210938,0.0,2,0.9999734504741206
2002-10-16,2994.98999023438,3031.01000976563,2991.919921875,3024.98999023438,0.0,2,0.9999743882825696
2002-10-17,3006.13989257813,3010.69995117188,2980.13989257813,2995.69995117188,0.0,2,0.9999741170329791
2002-10-18,3009.76000976563,3038.919921875,3002.1201171875,3027.89990234375,0.0,2,0.9999748631938337
2002-10-21,2998.01000976563,3018.98999023438,2992.5400390625,3012.17993164063,0.0,2,0.9999740098839243
2002-10-22,2965.96997070313,2996.86010742188,2963.02001953125,2996.43994140625,0.0,2,0.9999739602056034
2002-10-23,2948.9599609375,2969.4599609375,2941.2900390625,2963.3798828125,0.0,2,0.9999743377722874
2002-10-24,2908.05004882813,2958.01000976563,2906.19995117188,2944.28002929688,0.0,2,0.9999742856901038
2002-10-25,2875.53002929688,2906.84008789063,2855.89990234375,2903.9599609375,0.0,2,0.9999743869383033
2002-10-28,2834.40991210938,2876.32006835938,2828.47998046875,2876.32006835938,0.0,2,0.9999741673003113
2002-10-29,2885.22998046875,2891.03002929688,2846.80004882813,2846.80004882813,0.0,2,0.9999741959843657
2002-10-30,2888.59008789063,2908.2099609375,2884.2099609375,2898.02001953125,0.0,2,0.9999742219040225
2002-10-31,2949.32006835938,2955.48999023438,2900.8701171875,2909.4599609375,0.0,2,0.9999734892991884
2002-11-01,2950.580078125,2962.32006835938,2928.6298828125,2956.93994140625,0.0,2,0.9999741409557018
2002-11-04,2987.580078125,2994.80004882813,2974.92993164063,2986.5400390625,0.0,2,0.9999732917024193
2002-11-05,2982.38989257813,2993.580078125,2967.18994140625,2993.580078125,0.0,2,0.9999732477138304
2002-11-07,2975.26000976563,2993.61010742188,2958.32006835938,2983.73999023438,0.0,2,0.9999749234992825
2002-11-08,2956.84008789063,2966.59008789063,2950.7099609375,2965.18994140625,0.0,2,0.9999724887168179
2002-11-11,2948.0400390625,2959.1201171875,2942.4599609375,2954.98999023438,0.0,2,0.9999728446751822
2002-11-12,2961.23999023438,2963.830078125,2935.96997070313,2941.5400390625,0.0,2,0.9999741887624749
2002-11-13,2960.65991210938,2977.669921875,2957.18994140625,2972.35009765625,0.0,2,0.9999733649817178
2002-11-14,2986.56005859375,2991.61010742188,2963.82006835938,2963.82006835938,0.0,2,0.9999741156498547
2002-11-15,3033.90991210938,3037.61010742188,2997.46997070313,2997.46997070313,0.0,2,0.9999738724231234
2002-11-18,3057.15991210938,3071.28002929688,3041.34008789063,3046.89990234375,0.0,2,0.9999744366320957
2002-11-20,3075.47998046875,3084.03002929688,3061.09008789063,3066.169921875,0.0,2,0.9999736079432967
2002-11-21,3101.36010742188,3110.3798828125,3089.51000976563,3089.51000976563,0.0,2,0.9999731004991584
2002-11-22,3141.61010742188,3162.65991210938,3130.75,3131.75,0.0,2,0.9999736660081745
2002-11-25,3175.56005859375,3183.2900390625,3140.31005859375,3146.92993164063,0.0,2,0.9999741049663539
2002-11-26,3187.76000976563,3210.67993164063,3181.25,3190.669921875,0.0,2,0.999973731611446
2002-11-27,3174.11010742188,3206.6298828125,3158.0,3193.1298828125,0.0,2,0.9999748531759765
2002-11-28,3220.75,3229.75,3192.1201171875,3192.1201171875,0.0,2,0.9999737242834418
2002-11-29,3228.82006835938,3245.3798828125,3195.60009765625,3224.97998046875,0.0,2,0.9999744130445063
2002-12-02,3270.36010742188,3277.3701171875,3238.88989257813,3247.60009765625,0.0,2,0.9999739283196991
2002-12-03,3230.13989257813,3292.26000976563,3223.03002929688,3276.69995117188,0.0,2,0.9999719859406934
2002-12-04,3207.36010742188,3243.86010742188,3189.13989257813,3243.86010742188,0.0,2,0.9999728069827208
2002-12-05,3229.72998046875,3250.25,3186.6201171875,3186.6201171875,0.0,2,0.9999710023529087
2002-12-06,3306.2900390625,3309.80004882813,3235.67993164063,3235.67993164063,0.0,2,0.9999649607568531
2002-12-09,3269.31005859375,3349.36010742188,3264.76000976563,3320.8701171875,0.0,2,0.9999674108031915
2002-12-10,3289.67993164063,3294.68994140625,3241.39990234375,3256.6298828125,0.0,2,0.999972832733017
2002-12-11,3303.27001953125,3324.22998046875,3287.28002929688,3298.93994140625,0.0,2,0.9999742681846534
2002-12-12,3324.47998046875,3331.27001953125,3299.47998046875,3309.19995117188,0.0,2,0.999973515769913
2002-12-13,3342.96997070313,3349.48999023438,3329.2099609375,3335.28002929688,0.0,2,0.9999721334804573
2002-12-16,3328.38989257813,3371.15991210938,3324.39990234375,3360.19995117188,0.0,2,0.9999735737677012
2002-12-17,3311.06005859375,3347.919921875,3301.78002929688,3338.8798828125,0.0,2,0.9999739713585424
2002-12-18,3333.31005859375,3348.57006835938,3319.25,3321.1201171875,0.0,2,0.9999731811015405
2002-12-19,3333.86010742188,3345.669921875,3313.44995117188,3332.71997070313,0.0,2,0.9999735425326564
2002-12-20,3337.21997070313,3356.0,3329.10009765625,3339.4599609375,0.0,2,0.999973112040684
2002-12-23,3329.61010742188,3351.01000976563,3321.5,3346.56005859375,0.0,2,0.9999730013119841
2002-12-24,3352.77001953125,3359.38989257813,3318.02001953125,3328.65991210938,0.0,2,0.9999736415133067
2002-12-26,3382.63989257813,3399.3701171875,3360.40991210938,3360.86010742188,0.0,2,0.9999733058342325
2002-12-27,3398.0,3413.830078125,3393.580078125,3393.580078125,0.0,2,0.9999715113413686
2002-12-30,3374.96997070313,3389.1201171875,3359.76000976563,3389.1201171875,0.0,2,0.9999721187371812
2002-12-31,3377.28002929688,3398.11010742188,3374.72998046875,3376.47998046875,0.0,2,0.999971823255765
2003-01-02,3365.06005859375,3407.23999023438,3363.11010742188,3399.71997070313,0.0,2,0.9999731425044952
2003-01-03,3357.5400390625,3386.96997070313,3351.88989257813,3380.43994140625,0.0,2,0.9999733343740188
2003-01-06,3334.88989257813,3364.71997070313,3330.03002929688,3364.71997070313,0.0,2,0.9999727773359436
2003-01-07,3330.5,3352.42993164063,3320.419921875,3350.17993164063,0.0,2,0.9999729863095956
2003-01-08,3357.8701171875,3362.1201171875,3338.93994140625,3339.88989257813,0.0,2,0.9999723655987317
2003-01-09,3384.19995117188,3388.18994140625,3366.28002929688,3367.34008789063,0.0,2,0.9999720959903087
2003-01-10,3358.98999023438,3416.919921875,3342.1201171875,3416.919921875,0.0,2,0.9999692431510393
2003-01-13,3327.15991210938,3356.92993164063,3324.25,3355.07006835938,0.0,2,0.9999728176164854
2003-01-14,3335.35009765625,3341.55004882813,3321.48999023438,3334.93994140625,0.0,2,0.9999717884111241
2003-01-15,3357.68994140625,3359.97998046875,3333.19995117188,3333.19995117188,0.0,2,0.9999725680144701
2003-01-16,3373.52001953125,3377.27001953125,3352.55004882813,3358.46997070313,0.0,2,0.9999725080018811
2003-01-17,3370.38989257813,3382.53002929688,3366.23999023438,3377.93994140625,0.0,2,0.9999710388418374
2003-01-20,3341.88989257813,3368.080078125,3338.09008789063,3364.53002929688,0.0,2,0.9999727926063632
2003-01-21,3354.13989257813,3356.82006835938,3336.94995117188,3348.32006835938,0.0,2,0.9999715787655681
2003-01-22,3357.0400390625,3367.22998046875,3345.6201171875,3364.11010742188,0.0,2,0.9999717814233005
2003-01-23,3328.17993164063,3360.3701171875,3324.48999023438,3351.75,0.0,2,0.9999734498380064
2003-01-24,3287.86010742188,3340.67993164063,3281.92993164063,3332.02001953125,0.0,2,0.9999728314232451
2003-01-27,3247.7099609375,3286.4599609375,3221.68994140625,3283.92993164063,0.0,2,0.9999717784202763
2003-01-28,3267.84008789063,3269.1298828125,3209.51000976563,3247.09008789063,0.0,2,0.9999693560477265
2003-01-29,3238.02001953125,3275.73999023438,3225.73999023438,3273.78002929688,0.0,2,0.9999733954696094
2003-01-30,3219.8798828125,3256.47998046875,3217.3701171875,3246.5400390625,0.0,2,0.9999738236311385
2003-01-31,3250.3798828125,3257.47998046875,3199.17993164063,3216.15991210938,0.0,2,0.9999726302897242
2003-02-03,3279.830078125,3283.47998046875,3250.55004882813,3265.080078125,0.0,2,0.9999733066055025
2003-02-04,3278.1298828125,3295.25,3271.75,3283.59008789063,0.0,2,0.9999728384809099
2003-02-05,3256.080078125,3277.09008789063,3239.02001953125,3268.61010742188,0.0,2,0.9999740761388473
2003-02-06,3305.43994140625,3311.17993164063,3256.6298828125,3256.919921875,0.0,2,0.9999716205847125
2003-02-07,3279.77001953125,3309.9599609375,3277.330078125,3309.4599609375,0.0,2,0.9999728291815793
2003-02-10,3256.86010742188,3281.419921875,3252.48999023438,3281.3701171875,0.0,2,0.9999727357219463
2003-02-11,3261.46997070313,3278.7900390625,3249.6298828125,3269.85009765625,0.0,2,0.9999735378026311
2003-02-12,3247.51000976563,3263.75,3236.330078125,3263.56005859375,0.0,2,0.9999726340749198
2003-02-14,3223.40991210938,3254.0400390625,3218.3701171875,3250.64990234375,0.0,2,0.9999735408831965
2003-02-17,3282.44995117188,3287.01000976563,3248.89990234375,3248.89990234375,0.0,2,0.99997324778797
2003-02-18,3289.09008789063,3301.919921875,3284.0400390625,3284.0400390625,0.0,2,0.9999717245780021
2003-02-19,3302.0400390625,3317.80004882813,3300.85009765625,3303.09008789063,0.0,2,0.9999713742266018
2003-02-20,3303.21997070313,3307.8701171875,3284.580078125,3301.81005859375,0.0,2,0.9999720518729937
2003-02-21,3307.19995117188,3313.60009765625,3294.67993164063,3303.330078125,0.0,2,0.999971967089997
2003-02-24,3322.169921875,3341.61010742188,3318.25,3318.25,0.0,2,0.9999720372826516
2003-02-25,3281.919921875,3316.90991210938,3279.0,3316.90991210938,0.0,2,0.9999729271453109
2003-02-26,3260.47998046875,3292.68994140625,3259.0,3291.07006835938,0.0,2,0.9999729811644886
2003-02-27,3277.34008789063,3283.2900390625,3251.39990234375,3254.84008789063,0.0,2,0.9999735221228387
2003-02-28,3283.65991210938,3316.73999023438,3269.80004882813,3294.60009765625,0.0,2,0.9999747014316503
2003-03-03,3277.27001953125,3311.57006835938,3274.63989257813,3301.669921875,0.0,2,0.9999736092412003
2003-03-04,3244.80004882813,3272.18994140625,3240.15991210938,3271.06005859375,0.0,2,0.9999730912117302
2003-03-05,3226.10009765625,3235.85009765625,3190.06005859375,3233.42993164063,0.0,2,0.9999712845819988
2003-03-06,3190.35009765625,3244.9599609375,3186.42993164063,3244.9599609375,0.0,2,0.9999718920254385
2003-03-07,3153.06005859375,3182.15991210938,3142.88989257813,3182.15991210938,0.0,2,0.9999735981183914
2003-03-10,3125.8798828125,3161.96997070313,3116.01000976563,3152.89990234375,0.0,2,0.9999745520319152
2003-03-11,3154.90991210938,3159.47998046875,3100.13989257813,3117.48999023438,0.0,2,0.9999722131273105
2003-03-12,3110.080078125,3158.97998046875,3106.85009765625,3151.60009765625,0.0,2,0.999973590478891
2003-03-13,3108.23999023438,3127.30004882813,3086.42993164063,3113.35009765625,0.0,2,0.9999748919038635
2003-03-17,3084.90991210938,3115.13989257813,3049.05004882813,3115.13989257813,0.0,2,0.999970184214616
2003-03-19,3121.17993164063,3128.830078125,3103.8701171875,3103.8701171875,0.0,2,0.9999735030832243
2003-03-20,3192.92993164063,3197.65991210938,3118.32006835938,3118.80004882813,0.0,2,0.9999630232478804
2003-03-21,3200.14990234375,3209.4599609375,3179.7900390625,3195.65991210938,0.0,2,0.9999737665465723
2003-03-24,3140.36010742188,3216.07006835938,3137.56005859375,3216.07006835938,0.0,2,0.9999670819220564
2003-03-25,3140.419921875,3143.02001953125,3102.64990234375,3122.69995117188,0.0,2,0.9999734911303755
2003-03-26,3143.580078125,3165.3701171875,3140.0,3148.07006835938,0.0,2,0.9999733366870082
2003-03-27,3116.7900390625,3146.2900390625,3115.06005859375,3138.88989257813,0.0,2,0.9999737578322714
2003-03-28,3115.43994140625,3130.330078125,3099.0,3115.3701171875,0.0,2,0.9999744465366911
2003-03-31,3048.71997070313,3106.92993164063,3039.830078125,3106.92993164063,0.0,2,0.9999712611262465
2003-04-01,3080.94995117188,3089.60009765625,3037.5400390625,3037.5400390625,0.0,2,0.9999729537143784
2003-04-02,3116.98999023438,3120.31005859375,3079.6201171875,3083.93994140625,0.0,2,0.9999738334270495
2003-04-03,3151.15991210938,3155.1201171875,3119.80004882813,3130.84008789063,0.0,2,0.9999739792365759
2003-04-04,3167.69995117188,3169.19995117188,3130.80004882813,3151.15991210938,0.0,2,0.9999731746471185
2003-04-07,3215.23999023438,3221.89990234375,3180.8701171875,3181.93994140625,0.0,2,0.99997360410824
2003-04-08,3174.86010742188,3209.419921875,3172.67993164063,3205.919921875,0.0,2,0.9999735536350974
2003-04-09,3141.25,3164.60009765625,3126.830078125,3160.73999023438,0.0,2,0.9999740331334189
2003-04-10,3035.330078125,3137.23999023438,3021.73999023438,3137.23999023438,0.0,2,0.9999467093837323
2003-04-11,2997.8701171875,3048.07006835938,2962.96997070313,3030.4599609375,0.0,2,0.9999708014124953
2003-04-15,2997.3798828125,3018.65991210938,2948.669921875,3010.9599609375,0.0,2,0.9999692348447696
2003-04-16,3032.32006835938,3037.1201171875,3000.71997070313,3005.35009765625,0.0,2,0.999974367933655
2003-04-17,2984.5,3011.919921875,2971.93994140625,3002.67993164063,0.0,2,0.9999750742458235
2003-04-21,2996.96997070313,3002.11010742188,2985.60009765625,2992.89990234375,0.0,2,0.9999727757688274
2003-04-22,2985.5400390625,2998.1298828125,2971.68994140625,2994.5,0.0,2,0.999973751522178
2003-04-23,2947.330078125,3009.01000976563,2943.44995117188,2997.34008789063,0.0,2,0.9999726081006753
2003-04-24,2937.22998046875,2973.03002929688,2932.34008789063,2960.56005859375,0.0,2,0.9999749903014804
2003-04-25,2924.03002929688,2937.59008789063,2908.2900390625,2935.080078125,0.0,2,0.9999740112218415
2003-04-28,2936.7099609375,2942.44995117188,2904.43994140625,2904.43994140625,0.0,2,0.9999744262532396
2003-04-29,2950.13989257813,2961.46997070313,2944.1298828125,2949.0400390625,0.0,2,0.9999731802475799
2003-04-30,2959.7900390625,2962.39990234375,2942.419921875,2942.419921875,0.0,2,0.9999734191542751
2003-05-02,2966.6298828125,2968.9599609375,2939.15991210938,2949.0400390625,0.0,2,0.9999742073028773
2003-05-05,2975.46997070313,2988.68994140625,2967.8798828125,2977.46997070313,0.0,2,0.9999736386090861
2003-05-06,2993.0,3001.2099609375,2972.330078125,2981.8701171875,0.0,2,0.9999745131953844
2003-05-07,2980.73999023438,3003.0,2978.5400390625,2988.17993164063,0.0,2,0.999973787939231
2003-05-08,2961.60009765625,2989.22998046875,2953.419921875,2980.25,0.0,2,0.9999749115257192
2003-05-09,2950.0,2960.919921875,2945.64990234375,2953.1201171875,0.0,2,0.9999727472514173
2003-05-12,2942.78002929688,2965.3701171875,2934.78002929688,2955.18994140625,0.0,2,0.9999747510049997
2003-05-13,2960.6201171875,2964.9599609375,2947.03002929688,2947.03002929688,0.0,2,0.999973198487405
2003-05-14,2993.93994140625,2997.63989257813,2959.51000976563,2959.51000976563,0.0,2,0.9999740908471235
2003-05-15,3012.96997070313,3016.93994140625,2993.38989257813,2996.669921875,0.0,2,0.9999737340351431
2003-05-16,3056.580078125,3059.419921875,3019.47998046875,3019.47998046875,0.0,2,0.9999737313496179
2003-05-19,3043.88989257813,3082.2099609375,3039.92993164063,3063.13989257813,0.0,2,0.9999745747511971
2003-05-20,3062.919921875,3066.2900390625,3025.19995117188,3032.85009765625,0.0,2,0.9999741092078822
2003-05-21,3057.09008789063,3092.3798828125,3054.46997070313,3068.1201171875,0.0,2,0.999974042560943
2003-05-22,3040.7900390625,3067.1201171875,3032.90991210938,3055.19995117188,0.0,2,0.9999747040134522
2003-05-23,3049.84008789063,3060.47998046875,3036.419921875,3041.6298828125,0.0,2,0.9999738627807137
2003-05-26,3096.68994140625,3101.75,3050.15991210938,3051.30004882813,0.0,2,0.9999727422052731
2003-05-27,3081.93994140625,3118.580078125,3076.98999023438,3103.56005859375,0.0,2,0.999974606310785
2003-05-28,3130.4599609375,3133.169921875,3086.14990234375,3093.71997070313,0.0,2,0.9999734041024954
2003-05-29,3164.25,3171.80004882813,3116.85009765625,3116.85009765625,0.0,2,0.9999721256546938
2003-05-30,3180.75,3200.47998046875,3158.73999023438,3172.05004882813,0.0,2,0.999974928510128
2003-06-02,3206.3798828125,3220.13989257813,3170.3798828125,3176.56005859375,0.0,2,0.9999739560555592
2003-06-03,3181.96997070313,3214.330078125,3176.77001953125,3212.98999023438,0.0,2,0.9999735273588211
2003-06-04,3216.48999023438,3220.18994140625,3187.40991210938,3187.40991210938,0.0,2,0.9999734359823149
2003-06-05,3262.19995117188,3274.44995117188,3233.05004882813,3233.05004882813,0.0,2,0.999973605477704
2003-06-06,3303.23999023438,3313.5400390625,3270.06005859375,3270.06005859375,0.0,2,0.9999733121532934
2003-06-09,3337.31005859375,3351.36010742188,3295.13989257813,3304.64990234375,0.0,2,0.9999732044672222
2003-06-10,3289.55004882813,3350.02001953125,3281.2099609375,3332.65991210938,0.0,2,0.9999721930155134
2003-06-11,3314.60009765625,3327.61010742188,3287.71997070313,3289.36010742188,0.0,2,0.9999736644612891
2003-06-12,3337.30004882813,3340.97998046875,3318.89990234375,3318.89990234375,0.0,2,0.9999722638085723
2003-06-13,3354.13989257813,3364.02001953125,3338.89990234375,3342.64990234375,0.0,2,0.9999728295150421
2003-06-16,3336.63989257813,3361.97998046875,3325.43994140625,3358.3798828125,0.0,2,0.9999733606263277
2003-06-17,3431.03002929688,3435.67993164063,3362.34008789063,3362.34008789063,0.0,2,0.9999652641391846
2003-06-18,3430.9599609375,3452.72998046875,3417.73999023438,3440.68994140625,0.0,2,0.9999736082924091
2003-06-19,3454.60009765625,3467.26000976563,3429.0,3429.0,0.0,2,0.9999730382699633
2003-06-20,3499.5,3503.01000976563,3427.36010742188,3450.57006835938,0.0,2,0.9999666586294498
2003-06-23,3461.3798828125,3510.11010742188,3457.43994140625,3500.18994140625,0.0,2,0.9999727838622147
2003-06-24,3447.44995117188,3473.22998046875,3438.27001953125,3441.07006835938,0.0,2,0.9999725981006821
2003-06-25,3517.27001953125,3526.86010742188,3456.85009765625,3456.85009765625,0.0,2,0.9999673718422135
2003-06-26,3552.39990234375,3564.67993164063,3522.05004882813,3528.28002929688,0.0,2,0.9999732234911319
2003-06-27,3583.06005859375,3589.5400390625,3532.52001953125,3577.9599609375,0.0,2,0.9999687343296617
2003-06-30,3607.1298828125,3632.84008789063,3585.57006835938,3585.57006835938,0.0,2,0.9999719026777165
2003-07-01,3604.42993164063,3622.88989257813,3584.72998046875,3617.73999023438,0.0,2,0.9999724151560458
2003-07-02,3601.38989257813,3640.96997070313,3596.46997070313,3613.419921875,0.0,2,0.9999724949492502
2003-07-03,3639.88989257813,3661.98999023438,3592.17993164063,3616.97998046875,0.0,2,0.9999720510474549
2003-07-04,3622.34008789063,3661.8701171875,3610.11010742188,3642.30004882813,0.0,2,0.9999735277423689
2003-07-07,3612.53002929688,3645.419921875,3607.10009765625,3631.4599609375,0.0,2,0.9999728571766291
2003-07-08,3629.67993164063,3645.63989257813,3623.02001953125,3628.02001953125,0.0,2,0.9999712291656068
2003-07-09,3620.7900390625,3644.8798828125,3604.9599609375,3635.86010742188,0.0,2,0.9999730377578854
2003-07-10,3679.6298828125,3684.17993164063,3639.419921875,3639.419921875,0.0,2,0.9999715601984099
2003-07-11,3676.26000976563,3714.84008789063,3659.2099609375,3682.09008789063,0.0,2,0.9999732889090911
2003-07-14,3720.75,3726.56005859375,3704.6298828125,3704.6298828125,21200.0,2,0.9956936644910747
2003-07-15,3686.34008789063,3733.8798828125,3657.17993164063,3719.169921875,22800.0,2,0.9959403692606584
2003-07-16,3721.64990234375,3729.02001953125,3662.69995117188,3702.13989257813,18400.0,2,0.9979071985315757
2003-07-17,3668.90991210938,3750.0,3660.34008789063,3728.84008789063,22000.0,2,0.9959526569462248
2003-07-18,3647.580078125,3684.22998046875,3625.72998046875,3651.38989257813,22000.0,2,0.9964053882018762
2003-07-21,3569.580078125,3664.63989257813,3564.40991210938,3655.26000976563,19400.0,2,0.9968604616699219
2003-07-22,3554.1298828125,3582.080078125,3534.06005859375,3557.1298828125,22400.0,2,0.9959278393664086
2003-07-23,3577.88989257813,3596.59008789063,3551.97998046875,3571.75,31800.0,2,0.9849772995647699
2003-07-24,3668.07006835938,3677.23999023438,3572.63989257813,3595.60009765625,44400.0,2,0.9736732879082192
2003-07-25,3726.4599609375,3737.76000976563,3661.68994140625,3685.31005859375,25800.0,2,0.9939227995975151
2003-07-28,3739.76000976563,3775.64990234375,3730.07006835938,3745.98999023438,24600.0,2,0.993835652598949
2003-07-29,3764.43994140625,3771.35009765625,3694.93994140625,3731.85009765625,21800.0,2,0.9963622741083966
2003-07-30,3780.419921875,3799.88989257813,3759.97998046875,3761.76000976563,22600.0,2,0.9954108092508472
2003-07-31,3792.61010742188,3835.75,3785.1201171875,3796.53002929688,37000.0,2,0.9740753008164381
2003-08-01,3815.31005859375,3831.4599609375,3779.72998046875,3800.72998046875,26000.0,2,0.993264081198426
2003-08-04,3832.5,3840.71997070313,3785.85009765625,3798.81005859375,19800.0,2,0.9974377222990085
2003-08-05,3765.82006835938,3878.71997070313,3761.84008789063,3845.92993164063,26000.0,2,0.9907231406214596
2003-08-06,3741.65991210938,3798.8701171875,3722.080078125,3754.64990234375,29000.0,2,0.9906328370404206
2003-08-07,3806.830078125,3816.15991210938,3733.6298828125,3749.17993164063,24200.0,2,0.9949163844038988
2003-08-08,3883.76000976563,3890.78002929688,3823.38989257813,3824.26000976563,29200.0,2,0.990063783902127
2003-08-11,3893.40991210938,3915.89990234375,3842.13989257813,3842.13989257813,21800.0,2,0.9963534461576197
2003-08-12,3889.40991210938,3938.90991210938,3879.35009765625,3907.03002929688,27400.0,2,0.9915493574960318
2003-08-13,3926.07006835938,3935.80004882813,3874.34008789063,3910.4599609375,25200.0,2,0.9939597452902394
2003-08-14,3921.19995117188,3959.10009765625,3908.69995117188,3932.59008789063,22600.0,2,0.9957050951121683
2003-08-18,3977.72998046875,3985.4599609375,3928.169921875,3932.3701171875,19400.0,2,0.9975668489023903
2003-08-19,4006.90991210938,4026.27001953125,3981.919921875,3985.77001953125,24400.0,2,0.9941810442352152
2003-08-20,4056.60009765625,4066.03002929688,4027.60009765625,4027.60009765625,21200.0,2,0.9963294739528746
2003-08-21,4095.38989257813,4106.7099609375,4073.06005859375,4075.169921875,27000.0,2,0.9906219568774499
2003-08-22,4125.1201171875,4149.5400390625,4084.18994140625,4146.56005859375,28000.0,2,0.9904521311692289
2003-08-25,4004.6298828125,4170.580078125,3943.65991210938,4149.81982421875,34200.0,2,0.8851491880593341
2003-08-26,4152.2900390625,4160.02001953125,4021.90991210938,4021.90991210938,28800.0,2,0.979829859199327
2003-08-27,4205.56005859375,4222.39013671875,4173.35986328125,4173.35986328125,25600.0,2,0.9932595380393863
2003-08-28,4212.2900390625,4256.06982421875,4179.330078125,4256.06982421875,28600.0,2,0.9900375882697867
2003-08-29,4244.72998046875,4277.64013671875,4228.85009765625,4235.259765625,35200.0,2,0.9789665493993017
2003-09-01,4324.759765625,4329.56982421875,4248.06982421875,4248.06982421875,24800.0,2,0.994027803538959
2003-09-02,4339.2001953125,4358.2998046875,4291.9599609375,4341.72998046875,31200.0,2,0.9876162276808491
2003-09-03,4257.93994140625,4367.8701171875,4248.85986328125,4361.8701171875,28800.0,2,0.9867046765835076
2003-09-04,4310.509765625,4328.3701171875,4257.41015625,4276.39990234375,33000.0,2,0.986950619285058
2003-09-05,4369.169921875,4371.97998046875,4314.68017578125,4314.68017578125,30800.0,2,0.9877740704245301
2003-09-08,4434.25,4444.6201171875,4399.60986328125,4399.60986328125,25200.0,2,0.9934585713358072
2003-09-09,4425.2001953125,4473.56982421875,4398.08984375,4458.64013671875,30400.0,2,0.9893075454730077
2003-09-10,4434.259765625,4438.22998046875,4378.64990234375,4410.1201171875,26600.0,2,0.9925483397001869
2003-09-11,4393.1298828125,4463.3798828125,4381.08984375,4423.7099609375,25800.0,2,0.9935353388618812
2003-09-12,4305.91015625,4437.0,4297.7099609375,4407.72021484375,26600.0,2,0.9878471647179132
2003-09-15,4193.830078125,4310.169921875,4184.10986328125,4310.169921875,33800.0,2,0.9756277461624827
2003-09-16,4274.75,4290.06982421875,4134.68994140625,4195.10009765625,40400.0,2,0.9667129728787502
2003-09-17,4235.35009765625,4330.85009765625,4222.60009765625,4299.3701171875,32200.0,2,0.9856601442668848
2003-09-18,4134.14990234375,4251.5400390625,4126.22021484375,4243.009765625,33600.0,2,0.9774542945127725
2003-09-19,4217.1201171875,4224.72998046875,4097.5498046875,4159.72021484375,35400.0,2,0.9781025114845527
2003-09-22,4151.72021484375,4237.419921875,4141.7998046875,4230.91015625,24600.0,2,0.9936024275946116
2003-09-23,4231.68994140625,4240.02001953125,4111.5400390625,4138.009765625,25200.0,2,0.9909820158512677
2003-09-24,4356.39013671875,4366.830078125,4229.8701171875,4249.93017578125,30400.0,2,0.9826489636509242
2003-09-25,4297.14990234375,4360.72021484375,4285.009765625,4347.22998046875,31000.0,2,0.9876351212053589
2003-09-26,4382.56982421875,4388.830078125,4299.66015625,4299.66015625,24800.0,2,0.99379350918769
2003-09-29,4402.0498046875,4426.2998046875,4385.5400390625,4392.8701171875,31600.0,2,0.9844350840615586
2003-09-30,4453.240234375,4456.41015625,4413.72021484375,4428.16015625,30400.0,2,0.9869579011471131
2003-10-01,4455.080078125,4487.0498046875,4432.93017578125,4452.06982421875,26400.0,2,0.9928952305497489
2003-10-03,4552.919921875,4556.89013671875,4465.43994140625,4465.43994140625,33000.0,2,0.985154462274132
2003-10-06,4631.39013671875,4637.27001953125,4552.39013671875,4567.68017578125,26400.0,2,0.9932297308312374
2003-10-07,4632.93994140625,4688.330078125,4601.16015625,4644.85986328125,33400.0,2,0.987496273701977
2003-10-08,4634.85986328125,4667.490234375,4586.9599609375,4646.6298828125,28800.0,2,0.9914512546590407
2003-10-09,4698.68017578125,4710.27978515625,4643.31982421875,4643.31982421875,25400.0,2,0.9939320759154513
2003-10-10,4768.89990234375,4780.77001953125,4730.31005859375,4735.08984375,33200.0,2,0.984232859146476
2003-10-13,4849.27001953125,4859.93017578125,4786.68994140625,4787.75,29600.0,2,0.9901532391146494
2003-10-14,4782.02978515625,4900.919921875,4765.35009765625,4866.1201171875,37600.0,2,0.9765661429897837
2003-10-15,4855.259765625,4867.91015625,4738.72021484375,4790.5400390625,31800.0,2,0.9855626069462757
2003-10-16,4887.31982421875,4921.64990234375,4865.259765625,4887.0400390625,39200.0,2,0.9760463172730313
2003-10-17,4930.52978515625,4949.22998046875,4901.58984375,4912.27001953125,35400.0,2,0.9803204713995115
2003-10-20,4851.669921875,4951.10986328125,4838.7001953125,4951.10986328125,31000.0,2,0.9849246076141025
2003-10-21,4755.72021484375,4880.66015625,4727.43017578125,4868.0,39400.0,2,0.9675979446938391
2003-10-22,4741.2001953125,4801.7001953125,4705.41015625,4772.83984375,34000.0,2,0.986968394551956
2003-10-23,4648.41015625,4755.93994140625,4634.89990234375,4744.47998046875,31000.0,2,0.9850756052791843
2003-10-24,4757.3701171875,4772.06982421875,4599.60986328125,4654.27001953125,38400.0,2,0.9589876940556996
2003-10-27,4698.27978515625,4814.31982421875,4689.08984375,4802.06982421875,31400.0,2,0.9831744996120727
2003-10-28,4707.7998046875,4748.18994140625,4666.18994140625,4710.22021484375,34600.0,2,0.9864301656053569
2003-10-29,4744.10009765625,4747.58984375,4684.419921875,4732.7900390625,34200.0,2,0.9816145819724544
2003-10-30,4780.52001953125,4805.72021484375,4735.77001953125,4751.830078125,42200.0,2,0.9767874487911765
2003-10-31,4906.8701171875,4913.18017578125,4779.08984375,4787.0498046875,32200.0,2,0.9795184408907304
2003-11-03,5063.02978515625,5068.66015625,4946.93017578125,4946.93017578125,40800.0,2,0.9730804968496128
2003-11-04,5097.83984375,5135.0,5055.56982421875,5096.16015625,44200.0,2,0.978042524893352
2003-11-05,5064.91015625,5127.7900390625,5021.97021484375,5116.85986328125,36400.0,2,0.9827935303898764
2003-11-06,5047.5400390625,5118.080078125,5030.0400390625,5080.0498046875,34000.0,2,0.9858529079581012
2003-11-07,4971.56982421875,5092.7001953125,4965.5,5071.2001953125,25200.0,2,0.9913563063672282
2003-11-10,4998.56982421875,5017.89990234375,4909.66015625,4962.22021484375,34200.0,2,0.9865151846763965
2003-11-11,5030.64013671875,5039.2001953125,4988.8798828125,4998.7900390625,29000.0,2,0.9899415566498776
2003-11-12,5005.77001953125,5059.97998046875,4998.259765625,5040.5498046875,27200.0,2,0.9917920606972117
2003-11-13,4949.16015625,5053.06005859375,4941.490234375,5051.7099609375,33400.0,2,0.981003240364535
2003-11-14,4865.830078125,4961.3701171875,4854.16015625,4948.77001953125,32600.0,2,0.9847683813774376
2003-11-17,4940.22998046875,4959.9599609375,4882.97021484375,4907.02001953125,23400.0,2,0.9959017532250916
2003-11-18,4891.1298828125,4981.47998046875,4875.4599609375,4956.419921875,26800.0,2,0.9924589178158228
2003-11-19,4823.72998046875,4868.43017578125,4800.669921875,4868.43017578125,31400.0,2,0.9864620737395415
2003-11-20,4771.22998046875,4878.81005859375,4763.52978515625,4840.7998046875,28800.0,2,0.9889500801380049
2003-11-21,4838.5400390625,4851.669921875,4736.7001953125,4770.75,29600.0,2,0.9897374253666478
2003-11-24,4822.14990234375,4858.43017578125,4803.7998046875,4852.1201171875,20600.0,2,0.9968017486037525
2003-11-25,4894.58984375,4900.2099609375,4843.4599609375,4845.10009765625,22200.0,2,0.9960307563490912
2003-11-27,4989.0400390625,5000.41015625,4907.3798828125,4907.3798828125,38800.0,2,0.9800244756013599
2003-11-28,5044.81982421875,5050.56005859375,4991.240234375,4995.14990234375,30800.0,2,0.9883597820234447
2003-12-01,5160.85009765625,5166.56005859375,5082.81982421875,5086.85986328125,51200.0,2,0.9764441211840711
2003-12-02,5186.080078125,5204.56982421875,5123.7998046875,5187.72998046875,33400.0,2,0.9853192043563962
2003-12-03,5221.89990234375,5246.740234375,5178.22021484375,5194.16015625,25400.0,2,0.9944540987650615
2003-12-04,5225.89990234375,5252.2099609375,5174.85986328125,5229.18017578125,32200.0,2,0.9880910921072849
2003-12-05,5131.72021484375,5263.10986328125,5125.06982421875,5245.75,31400.0,2,0.9810313841390635
2003-12-08,5131.5400390625,5163.009765625,5089.56982421875,5144.9501953125,29400.0,2,0.9907455967125955
2003-12-09,5229.33984375,5232.490234375,5143.18994140625,5143.18994140625,21600.0,2,0.9959673434724363
2003-12-10,5285.5400390625,5300.7900390625,5220.60009765625,5234.72021484375,29000.0,2,0.9916135483235278
2003-12-11,5299.9599609375,5317.41015625,5253.81005859375,5306.6201171875,25600.0,2,0.9933328090499558
2003-12-12,5315.81005859375,5343.91015625,5283.75,5321.490234375,26400.0,2,0.993238203385328
2003-12-15,5390.8798828125,5399.080078125,5351.02978515625,5366.93017578125,24400.0,2,0.9942897139854004
2003-12-16,5437.0498046875,5445.0,5351.2099609375,5374.14990234375,30800.0,2,0.9897285403545609
2003-12-17,5418.22998046875,5457.8798828125,5401.08984375,5437.259765625,23600.0,2,0.9951277273492732
2003-12-18,5455.0,5466.2998046875,5407.4599609375,5432.4599609375,30800.0,2,0.988685174640969
2003-12-19,5541.35009765625,5555.68017578125,5486.6298828125,5486.6298828125,33000.0,2,0.986554319754793
2003-12-22,5577.9599609375,5590.4501953125,5543.97998046875,5547.68017578125,29200.0,2,0.9891783786807926
2003-12-23,5564.330078125,5616.25,5550.52001953125,5590.009765625,29000.0,2,0.9905601016919838
2003-12-24,5641.919921875,5648.240234375,5560.22998046875,5566.0498046875,30800.0,2,0.9892281258239177
2003-12-26,5699.240234375,5705.2998046875,5650.740234375,5650.740234375,24400.0,2,0.9943631217656826
2003-12-29,5797.330078125,5814.259765625,5725.43994140625,5725.43994140625,18800.0,2,0.9975381032933637
2003-12-30,5791.85009765625,5920.759765625,5762.60009765625,5852.7001953125,34200.0,2,0.9809854375995951
2003-12-31,5838.9599609375,5876.5498046875,5801.52001953125,5812.3798828125,28200.0,2,0.9920583309622462
2004-01-02,6026.58984375,6034.3798828125,5944.22998046875,5944.22998046875,31400.0,2,0.9884397308070503
2004-01-05,6039.0,6078.10986328125,5964.64990234375,6050.47998046875,33600.0,2,0.9874638283792648
2004-01-06,5943.64013671875,6121.2001953125,5916.330078125,6068.68017578125,37600.0,2,0.9472639310570257
2004-01-07,5957.02001953125,5985.2998046875,5870.5498046875,5970.35009765625,36200.0,2,0.9802409502698559
2004-01-08,6108.5400390625,6118.6201171875,5992.10009765625,5992.10009765625,31600.0,2,0.983965790802116
2004-01-09,6119.58984375,6249.60009765625,6096.68017578125,6241.58984375,45200.0,2,0.9683919077626134
2004-01-12,6067.759765625,6152.22021484375,6037.2998046875,6152.22021484375,31600.0,2,0.9866628517489029
2004-01-13,6132.97021484375,6147.740234375,6011.56982421875,6084.64990234375,33200.0,2,0.9842356532521777
2004-01-14,6194.10986328125,6215.02001953125,6162.18017578125,6162.18017578125,35600.0,2,0.9811061639802355
2004-01-15,6063.91015625,6248.81005859375,6045.2998046875,6219.81005859375,38000.0,2,0.9338638569139593
2004-01-16,5946.18994140625,6072.02978515625,5914.02001953125,6068.66015625,47800.0,2,0.9667194309921285
2004-01-19,6064.10009765625,6076.97021484375,5870.990234375,5967.39013671875,36200.0,2,0.9190852450308529
2004-01-20,5922.10986328125,6130.08984375,5899.7099609375,6099.93994140625,41000.0,2,0.863642420228289
2004-01-21,5758.18994140625,5962.35986328125,5728.31982421875,5927.419921875,43200.0,2,0.8681108819386336
2004-01-22,5593.740234375,5852.9599609375,5567.68017578125,5793.830078125,51000.0,2,0.5642655959982993
2004-01-23,5816.64013671875,5832.740234375,5596.56982421875,5646.330078125,37600.0,2,0.7732910772960597
2004-01-27,5993.06005859375,6005.5400390625,5791.740234375,5854.35009765625,45200.0,2,0.9075431488214447
2004-01-28,5876.0498046875,6030.5498046875,5815.2001953125,5980.8798828125,47800.0,2,0.9576234153124038
2004-01-29,5802.75,5921.72021484375,5774.31005859375,5865.2099609375,45000.0,2,0.9773352201606683
2004-01-30,5695.669921875,5854.2900390625,5685.64013671875,5841.2099609375,38800.0,2,0.9558935142158514
2004-02-03,5620.97998046875,5715.4599609375,5550.169921875,5715.4599609375,39600.0,2,0.9628350262991352
2004-02-04,5756.759765625,5769.7900390625,5574.68017578125,5633.14990234375,41800.0,2,0.9385603175814292
2004-02-05,5720.6298828125,5820.4501953125,5648.14013671875,5756.2998046875,44600.0,2,0.9803276893911413
2004-02-06,5786.35009765625,5800.93994140625,5683.60986328125,5710.1298828125,37800.0,2,0.9835593591732152
2004-02-09,5926.22021484375,5935.68017578125,5807.72998046875,5810.2099609375,30400.0,2,0.9850578050408373
2004-02-10,5932.52001953125,5972.93994140625,5866.6201171875,5937.4599609375,44400.0,2,0.982299721653335
2004-02-11,5949.77978515625,5958.91015625,5905.22998046875,5936.41015625,37200.0,2,0.9789301956785554
2004-02-12,5936.9599609375,5986.41015625,5886.97998046875,5973.7099609375,37600.0,2,0.9831472011253103
2004-02-13,6011.66015625,6017.009765625,5922.3798828125,5936.64990234375,32800.0,2,0.9877368578136627
2004-02-16,6012.35009765625,6063.91015625,6001.56982421875,6025.85009765625,30800.0,2,0.9878712306874902
2004-02-17,6035.7998046875,6058.990234375,5999.1298828125,6018.9501953125,30800.0,2,0.9890884154668366
2004-02-18,6027.02001953125,6082.7998046875,6018.81005859375,6060.14013671875,31200.0,2,0.9874416991693731
2004-02-19,5855.10009765625,6041.35986328125,5845.06982421875,6041.35986328125,40400.0,2,0.9048555364409172
2004-02-20,5850.72021484375,5893.6201171875,5770.8701171875,5847.97021484375,41000.0,2,0.983918544412884
2004-02-23,5698.0400390625,5875.22998046875,5680.35986328125,5869.60986328125,28600.0,2,0.9557169849462819
2004-02-24,5734.43994140625,5748.14990234375,5606.83984375,5686.81005859375,42400.0,2,0.974400344477162
2004-02-25,5618.14990234375,5746.7900390625,5606.85986328125,5746.7900390625,33800.0,2,0.9756925109378227
2004-02-26,5567.1201171875,5723.31005859375,5556.31005859375,5639.830078125,34400.0,2,0.9635181662297408
2004-02-27,5667.509765625,5683.2900390625,5551.64013671875,5595.830078125,41600.0,2,0.980274259959688
2004-03-01,5823.169921875,5831.5498046875,5649.2998046875,5649.2998046875,32200.0,2,0.9327724416483723
2004-03-03,5842.2001953125,5870.6298828125,5792.97021484375,5830.77001953125,39400.0,2,0.9825411881413435
2004-03-04,5815.8701171875,5872.75,5769.33984375,5842.41015625,36200.0,2,0.986530947828534
2004-03-05,5880.35009765625,5892.77978515625,5818.77001953125,5834.3701171875,37600.0,2,0.9831751718213799
2004-03-08,5935.18994140625,5951.02978515625,5898.56982421875,5899.259765625,36400.0,2,0.9801400107795228
2004-03-09,5850.60986328125,5923.35009765625,5794.81982421875,5923.35009765625,37600.0,2,0.9780631138986497
2004-03-10,5759.2900390625,5833.18994140625,5745.56005859375,5833.18994140625,35000.0,2,0.982265813923483
2004-03-11,5649.85986328125,5763.7099609375,5634.39990234375,5737.68994140625,36200.0,2,0.9808056194450087
2004-03-12,5700.39990234375,5735.93994140625,5570.81005859375,5632.1298828125,38400.0,2,0.9782473392874621
2004-03-15,5520.66015625,5764.2001953125,5505.97998046875,5745.06005859375,38400.0,2,0.6000256575049853
2004-03-16,5525.08984375,5551.919921875,5434.97021484375,5471.169921875,40800.0,2,0.9833191903893693
2004-03-17,5535.68994140625,5560.14990234375,5482.6298828125,5545.830078125,33400.0,2,0.9858722698656475
2004-03-18,5414.93994140625,5540.68017578125,5399.0498046875,5539.72021484375,36000.0,2,0.972496881707685
2004-03-19,5443.43994140625,5496.68017578125,5386.6201171875,5410.47998046875,30600.0,2,0.9903593848284742
2004-03-22,5365.39990234375,5446.8798828125,5347.0498046875,5446.8798828125,25400.0,2,0.9930443755788257
2004-03-23,5400.990234375,5450.3798828125,5324.77978515625,5356.97021484375,31800.0,2,0.9892495334376982
2004-03-24,5395.27978515625,5435.39990234375,5345.14990234375,5412.1298828125,26600.0,2,0.9937514654445312
2004-03-25,5414.43994140625,5438.85986328125,5368.8798828125,5403.3798828125,27000.0,2,0.9933499190729096
2004-03-26,5528.93994140625,5552.33984375,5448.2900390625,5448.2900390625,32400.0,2,0.9869042291033898
2004-03-29,5571.3701171875,5578.740234375,5495.31005859375,5538.52001953125,27800.0,2,0.9921517147894017
2004-03-30,5520.43994140625,5608.31005859375,5509.580078125,5595.93017578125,26600.0,2,0.9923953584903656
2004-03-31,5590.60009765625,5599.60009765625,5493.1201171875,5513.1201171875,26200.0,2,0.9930426720639773
2004-04-01,5740.85009765625,5750.2900390625,5599.1201171875,5599.1201171875,28400.0,2,0.9782747940164619
2004-04-02,5788.080078125,5799.16015625,5700.60009765625,5762.81005859375,33000.0,2,0.98659173075638
2004-04-05,5838.02001953125,5905.35009765625,5798.3701171875,5809.740234375,24000.0,2,0.9940668270337034
2004-04-06,5822.419921875,5897.56005859375,5780.93994140625,5886.02001953125,27400.0,2,0.9921412492073003
2004-04-07,5815.1298828125,5860.669921875,5774.8798828125,5827.06982421875,22800.0,2,0.9964092643599026
2004-04-08,5838.4501953125,5864.5498046875,5783.740234375,5824.3701171875,28600.0,2,0.9925120249192719
2004-04-12,5783.7900390625,5867.06982421875,5760.25,5856.43994140625,19800.0,2,0.9970899241705555
2004-04-13,5904.52001953125,5920.18017578125,5743.580078125,5823.52978515625,23400.0,2,0.9845231267544831
2004-04-15,5843.97021484375,5927.0400390625,5824.2099609375,5923.83984375,32400.0,2,0.9861894163880972
2004-04-16,5862.81982421875,5903.1298828125,5843.77001953125,5870.41015625,23000.0,2,0.9956178148395508
2004-04-19,5800.5400390625,5895.169921875,5782.3701171875,5875.52978515625,22000.0,2,0.9958920396880642
2004-04-20,5804.81005859375,5819.919921875,5765.3798828125,5814.8798828125,20800.0,2,0.996381826058303
2004-04-21,5876.419921875,5890.02001953125,5783.919921875,5803.7001953125,21400.0,2,0.9963332500733861
2004-04-22,5924.18017578125,5947.56982421875,5863.60009765625,5888.169921875,23800.0,2,0.9957771297153712
2004-04-23,5925.580078125,5979.25,5905.580078125,5941.10009765625,31200.0,2,0.9891157941253428
2004-04-27,5712.27978515625,5841.2998046875,5704.27978515625,5841.2998046875,30600.0,2,0.9812568369075497
2004-04-28,5713.08984375,5757.52001953125,5659.830078125,5709.43017578125,26000.0,2,0.9947957191987531
2004-04-29,5668.43017578125,5710.56005859375,5626.41015625,5710.56005859375,32600.0,2,0.9858202393216007
2004-04-30,5655.08984375,5710.4501953125,5632.990234375,5674.759765625,25000.0,2,0.9947710746207666
2004-05-03,5584.990234375,5645.85986328125,5506.0,5645.85986328125,26800.0,2,0.9868966240276115
2004-05-04,5647.14990234375,5677.10986328125,5616.41015625,5616.41015625,22800.0,2,0.9955298619533665
2004-05-05,5686.18994140625,5695.18017578125,5648.64013671875,5665.669921875,31400.0,2,0.9863277697954868
2004-05-06,5757.2998046875,5772.64013671875,5739.259765625,5749.97998046875,25000.0,2,0.9924804373154399
2004-05-07,5669.580078125,5748.33984375,5645.7900390625,5748.33984375,22800.0,2,0.9951493812988681
2004-05-10,5555.83984375,5628.60986328125,5501.169921875,5628.60986328125,24800.0,2,0.992237958568549
2004-05-11,5325.89990234375,5472.02978515625,5309.419921875,5472.02978515625,33200.0,2,0.966599810112956
2004-05-12,5358.35009765625,5387.8701171875,5296.25,5296.25,28800.0,2,0.9909481363744451
2004-05-13,5399.47021484375,5487.33984375,5131.02978515625,5234.509765625,45200.0,1,0.9565691700267234
2004-05-14,5069.8701171875,5416.0400390625,5043.990234375,5409.33984375,49400.0,1,0.9963895888256201
2004-05-17,4505.16015625,5020.89013671875,4227.5,5020.89013671875,34000.0,1,0.9999358256215422
2004-05-18,4877.02001953125,4949.27001953125,4547.7001953125,4547.7001953125,37200.0,1,0.9999748913988667
2004-05-19,5006.10009765625,5059.89013671875,4892.4599609375,4941.72021484375,39600.0,2,0.9759652658345765
2004-05-20,4932.10986328125,5073.7001953125,4912.169921875,5048.169921875,37000.0,2,0.9680894903018257
2004-05-21,4961.56982421875,4978.56005859375,4804.89990234375,4922.47998046875,32200.0,2,0.9543177630510217
2004-05-24,5123.22998046875,5132.89990234375,4993.4501953125,4993.4501953125,26600.0,2,0.9850178918025392
2004-05-25,5102.22021484375,5143.93017578125,4976.009765625,5117.52001953125,29000.0,2,0.9716496065713937
2004-05-26,5081.9501953125,5163.60986328125,5049.2099609375,5116.580078125,31400.0,2,0.9895830787326217
2004-05-27,5058.5498046875,5107.60009765625,5019.39013671875,5054.4501953125,25000.0,2,0.9951133501004353
2004-05-28,4835.39013671875,5026.919921875,4821.58984375,5026.919921875,37000.0,2,0.8734268083962299
2004-05-31,4759.6201171875,4830.080078125,4665.2099609375,4760.27978515625,35000.0,2,0.9824775468124839
2004-06-01,4835.1201171875,4899.52978515625,4792.009765625,4792.009765625,30800.0,2,0.9850086443107041
2004-06-02,4923.68994140625,4946.14990234375,4846.08984375,4846.08984375,26400.0,2,0.9925067011348037
2004-06-03,4817.990234375,5012.52001953125,4789.6298828125,4972.27001953125,34000.0,2,0.9012869417353708
2004-06-04,4889.0,4902.27001953125,4759.35009765625,4803.31005859375,38400.0,2,0.9758833755392307
2004-06-07,4938.14990234375,4991.47998046875,4905.52978515625,4927.5,31800.0,2,0.9885524440235085
2004-06-08,4962.6298828125,4970.39013671875,4891.85986328125,4960.8701171875,31000.0,2,0.9856027839552787
2004-06-09,4963.75,5000.58984375,4945.240234375,4972.33984375,33000.0,2,0.9848804057046673
2004-06-10,4944.64013671875,4975.75,4919.93994140625,4954.06005859375,27000.0,2,0.9924022864866678
2004-06-11,4832.7099609375,4945.85986328125,4823.10009765625,4931.490234375,27600.0,2,0.9891630969158448
2004-06-14,4746.009765625,4810.419921875,4725.39013671875,4810.419921875,29600.0,2,0.9889796915700516
2004-06-15,4814.85009765625,4824.02978515625,4696.509765625,4696.509765625,30000.0,2,0.9834813450922718
2004-06-16,4788.7998046875,4863.6298828125,4772.10009765625,4837.35986328125,27400.0,2,0.992457001445048
2004-06-17,4839.8798828125,4859.81005859375,4746.509765625,4791.2998046875,28600.0,2,0.9914406593333447
2004-06-18,4769.990234375,4828.18994140625,4750.72998046875,4822.080078125,28600.0,2,0.9906537491498129
2004-06-21,4738.6201171875,4790.93017578125,4731.72021484375,4770.64990234375,23800.0,2,0.9947992481451089
2004-06-22,4735.85986328125,4767.35009765625,4717.77978515625,4732.9501953125,29200.0,2,0.9892893530291637
2004-06-23,4644.0,4752.47021484375,4635.169921875,4742.7998046875,31400.0,2,0.9840892521820059
2004-06-24,4708.5498046875,4717.740234375,4613.93994140625,4656.81005859375,40400.0,2,0.9794779490308476
2004-06-25,4756.39013671875,4775.66015625,4680.419921875,4717.830078125,39400.0,2,0.9821682903837144
2004-06-28,4837.60009765625,4844.72021484375,4772.8701171875,4784.580078125,28600.0,2,0.991419579962082
2004-06-29,4841.3798828125,4873.7099609375,4802.0400390625,4838.740234375,34200.0,2,0.986066628024165
2004-06-30,4795.4599609375,4877.89990234375,4788.85009765625,4859.93994140625,35600.0,2,0.9812607722975032
2004-07-01,4874.0498046875,4879.81005859375,4785.93994140625,4813.759765625,33200.0,2,0.9867507256907441
2004-07-02,4870.580078125,4895.47998046875,4813.16015625,4842.4599609375,32000.0,2,0.9892549979910125
2004-07-05,4843.77001953125,4894.39013671875,4831.85009765625,4861.14990234375,24200.0,2,0.9947255790262486
2004-07-06,4928.58984375,4939.39990234375,4839.18017578125,4846.419921875,29600.0,2,0.989695660774427
2004-07-07,4955.97021484375,4987.0498046875,4912.22021484375,4919.5400390625,35000.0,2,0.9845707750002908
2004-07-08,4843.83984375,5004.169921875,4808.6298828125,4972.06005859375,47800.0,2,0.9445264261859694
2004-07-09,4945.47998046875,4954.85986328125,4723.0400390625,4766.490234375,23600.0,2,0.8246231179964291
2004-07-12,4944.5400390625,4967.919921875,4917.3798828125,4949.419921875,17000.0,2,0.9983585904950152
2004-07-13,4898.990234375,4978.490234375,4878.06005859375,4961.8701171875,16000.0,2,0.9985575381757082
2004-07-14,4848.2998046875,4933.33984375,4835.33984375,4911.22021484375,24600.0,2,0.9943353795367632
2004-07-15,4888.18994140625,4900.18017578125,4844.66015625,4849.3798828125,26600.0,2,0.992762117359306
2004-07-16,4951.169921875,4961.31982421875,4874.4599609375,4894.39990234375,25800.0,2,0.9939956659754137
2004-07-19,4975.39990234375,5009.6298828125,4942.43017578125,4957.080078125,21600.0,2,0.996681506841612
2004-07-20,4957.8798828125,4982.0400390625,4936.60009765625,4974.52001953125,21800.0,2,0.9958942959337385
2004-07-21,4993.759765625,5041.18994140625,4951.5498046875,4973.8798828125,20200.0,2,0.997389084937459
2004-07-22,5054.2900390625,5082.81005859375,5020.68994140625,5041.14013671875,37400.0,2,0.9808213450184157
2004-07-23,5073.33984375,5086.02978515625,5034.2001953125,5073.10009765625,35000.0,2,0.9805179660691828
2004-07-26,5118.169921875,5126.4501953125,5034.22998046875,5046.990234375,28600.0,2,0.9913432187021662
2004-07-27,5075.8798828125,5155.6298828125,5068.6201171875,5130.85986328125,40800.0,2,0.9756292415504327
2004-07-28,5070.2900390625,5104.66015625,5045.4599609375,5087.66015625,28000.0,2,0.9914551156110295
2004-07-29,5120.4501953125,5133.7998046875,5051.490234375,5082.60986328125,28800.0,2,0.9918522038494386
2004-07-30,5170.31982421875,5200.85009765625,5134.919921875,5134.919921875,28800.0,2,0.9905708497673712
2004-08-02,5202.52978515625,5210.919921875,5167.2900390625,5193.25,22000.0,2,0.9957486555041233
2004-08-03,5194.6298828125,5242.14990234375,5181.990234375,5213.5498046875,29400.0,2,0.9896755397033461
2004-08-04,5169.06982421875,5201.56005859375,5145.22021484375,5189.8798828125,27200.0,2,0.9918989314392244
2004-08-05,5252.77978515625,5257.31982421875,5178.60986328125,5178.60986328125,24000.0,2,0.9947823992847356
2004-08-06,5196.990234375,5262.89013671875,5166.18994140625,5249.72998046875,30200.0,2,0.9899422346356628
2004-08-09,5233.2099609375,5240.2900390625,5154.31982421875,5176.39013671875,26200.0,2,0.9936484219297542
2004-08-10,5252.0498046875,5266.990234375,5214.990234375,5248.4599609375,26000.0,2,0.9929664947975761
2004-08-11,5175.16015625,5269.22021484375,5159.52978515625,5263.27001953125,28600.0,2,0.9895437363538319
2004-08-12,5139.77001953125,5194.0400390625,5117.7998046875,5167.52001953125,27000.0,2,0.9931456675371568
2004-08-13,5102.919921875,5144.7001953125,5084.509765625,5126.91015625,93800.0,0,0.9999999899969467
2004-08-16,5102.3701171875,5114.7900390625,5056.06982421875,5105.259765625,24600.0,2,0.9939059209381802
2004-08-17,5102.93994140625,5148.52978515625,5083.02978515625,5124.2900390625,23400.0,2,0.995573807288622
2004-08-18,5038.27978515625,5103.97021484375,5025.490234375,5103.97021484375,24200.0,2,0.9942951123359763
2004-08-19,5123.64990234375,5132.830078125,5056.169921875,5056.169921875,23200.0,2,0.9954432049458393
2004-08-20,5064.66015625,5128.10009765625,5047.75,5128.10009765625,24000.0,2,0.9945379274471876
2004-08-23,5033.68994140625,5080.22021484375,5022.2900390625,5064.419921875,27400.0,2,0.9915754485823423
2004-08-24,5067.39013671875,5084.740234375,5040.7099609375,5048.6298828125,21000.0,2,0.9965233632622824
2004-08-25,5088.56005859375,5093.3701171875,5054.56005859375,5073.22998046875,19000.0,2,0.9973447826731798
2004-08-26,5135.4501953125,5145.60009765625,5105.3798828125,5105.3798828125,22400.0,2,0.9954163720790145
2004-08-27,5117.009765625,5148.75,5094.56005859375,5147.85986328125,18800.0,2,0.9975310925414321
2004-08-30,5186.4501953125,5192.7998046875,5130.5400390625,5130.5400390625,14800.0,2,0.9988718638856394
2004-08-31,5192.080078125,5202.509765625,5155.9599609375,5192.18017578125,16200.0,2,0.9984275681170124
2004-09-01,5210.85009765625,5222.81005859375,5202.02001953125,5202.16015625,16200.0,2,0.9980616385258688
2004-09-02,5198.72021484375,5233.31982421875,5189.2900390625,5218.9501953125,19200.0,2,0.9972985951619974
2004-09-03,5218.4599609375,5223.93994140625,5178.56982421875,5190.68994140625,17600.0,2,0.9980569700283144
2004-09-06,5246.22998046875,5264.8701171875,5226.08984375,5226.08984375,17000.0,2,0.9981243788155715
2004-09-07,5264.669921875,5270.89013671875,5240.14990234375,5245.16015625,19200.0,2,0.9970266230488596
2004-09-08,5298.16015625,5305.669921875,5270.66015625,5281.10986328125,20200.0,2,0.9966249113873175
2004-09-09,5298.22998046875,5328.330078125,5269.509765625,5307.830078125,21600.0,2,0.9965399441884063
2004-09-10,5370.0498046875,5376.1201171875,5281.06005859375,5305.419921875,21200.0,2,0.9965348263462822
2004-09-13,5397.4599609375,5421.52001953125,5379.60009765625,5380.7099609375,21400.0,2,0.9959806838672406
2004-09-14,5428.77001953125,5434.330078125,5376.0400390625,5409.52001953125,26400.0,2,0.9926934966715826
2004-09-15,5420.08984375,5456.85009765625,5399.33984375,5441.9599609375,27600.0,2,0.9916303045463456
2004-09-16,5477.68017578125,5483.58984375,5401.0,5415.4599609375,23400.0,2,0.9954911172665423
2004-09-17,5561.14990234375,5569.47021484375,5493.3701171875,5493.72021484375,26400.0,2,0.9931541196767619
2004-09-20,5545.81982421875,5585.56982421875,5535.56982421875,5562.68017578125,25600.0,2,0.9929740015931116
2004-09-21,5605.93017578125,5611.60009765625,5536.0,5547.490234375,27600.0,2,0.9924366939285598
2004-09-22,5616.8701171875,5638.7900390625,5571.83984375,5609.9599609375,28000.0,2,0.9922221293517711
2004-09-23,5539.47998046875,5609.0400390625,5530.85986328125,5597.31982421875,27400.0,2,0.9918272919279362
2004-09-24,5527.75,5575.39990234375,5513.68017578125,5527.22021484375,22600.0,2,0.9955854485350826
2004-09-27,5511.81005859375,5545.72998046875,5486.41015625,5530.0,15800.0,2,0.9986952206580473
2004-09-28,5462.60986328125,5518.2099609375,5454.85009765625,5506.830078125,20400.0,2,0.9968869549890312
2004-09-29,5527.56005859375,5533.330078125,5428.2001953125,5477.60986328125,23400.0,2,0.9948179812393235
2004-09-30,5583.60986328125,5598.5498046875,5545.259765625,5545.259765625,24400.0,2,0.9943691632247712
2004-10-01,5675.5400390625,5685.68017578125,5573.56005859375,5587.4599609375,24400.0,2,0.9938608421941513
2004-10-04,5766.2998046875,5785.0400390625,5706.31982421875,5706.31982421875,20600.0,2,0.9969186082595146
2004-10-05,5758.669921875,5786.5400390625,5741.7001953125,5761.66015625,22800.0,2,0.995211253973091
2004-10-06,5713.75,5799.919921875,5699.31982421875,5761.43994140625,26800.0,2,0.9929453795771772
2004-10-07,5773.66015625,5793.080078125,5718.64013671875,5718.64013671875,24600.0,2,0.9946373725703563
2004-10-08,5776.85009765625,5803.81982421875,5755.419921875,5782.6298828125,19600.0,2,0.9972424279758179
2004-10-11,5717.5400390625,5792.080078125,5706.97021484375,5764.85986328125,13000.0,2,0.9992022798730023
2004-10-12,5676.72998046875,5762.60009765625,5663.7900390625,5750.35986328125,18200.0,2,0.9977433043397614
2004-10-14,5713.10009765625,5738.60986328125,5645.66015625,5677.8701171875,17600.0,2,0.9983168598318479
2004-10-15,5686.72998046875,5758.10986328125,5673.75,5735.490234375,16200.0,2,0.9985678137818572
2004-10-18,5679.830078125,5727.9599609375,5670.3701171875,5706.830078125,12400.0,2,0.9992984097741314
2004-10-19,5738.10986328125,5751.60009765625,5686.97021484375,5691.47021484375,14800.0,2,0.9988874859437594
2004-10-20,5673.02001953125,5750.14013671875,5662.759765625,5738.43994140625,18400.0,2,0.9977519787982926
2004-10-21,5641.06005859375,5685.18017578125,5617.3701171875,5680.43994140625,19000.0,2,0.9975838018472494
2004-10-25,5581.490234375,5645.8798828125,5573.18994140625,5633.47998046875,18200.0,2,0.997876436737725
2004-10-26,5651.08984375,5654.81982421875,5558.14013671875,5591.009765625,22000.0,2,0.9960113717707746
2004-10-27,5662.8701171875,5699.18017578125,5623.0400390625,5656.7099609375,19800.0,2,0.9976678590642076
2004-10-28,5715.6201171875,5733.75,5700.990234375,5700.990234375,23400.0,2,0.9938738295600675
2004-10-29,5672.27001953125,5731.35009765625,5664.0400390625,5724.4599609375,22600.0,2,0.9955456081322734
2004-11-01,5704.10009765625,5714.35986328125,5649.02978515625,5678.64990234375,15600.0,2,0.9987379576982541
2004-11-02,5754.759765625,5765.14013671875,5713.240234375,5713.240234375,14400.0,2,0.9989161174090182
2004-11-03,5842.5400390625,5845.5,5771.72998046875,5772.31982421875,17000.0,2,0.9981993115318352
2004-11-04,5832.8798828125,5883.39013671875,5814.3701171875,5871.6201171875,15000.0,2,0.9988527771878083
2004-11-05,5891.35986328125,5900.509765625,5823.43994140625,5833.330078125,14000.0,2,0.9990166727150228
2004-11-08,5930.47021484375,5955.93994140625,5912.52001953125,5912.52001953125,14400.0,2,0.9988153674299769
2004-11-09,5929.60009765625,5957.93994140625,5910.41015625,5937.33984375,14800.0,2,0.9988235662944898
2004-11-10,5973.75,5979.77978515625,5918.9501953125,5918.9501953125,14400.0,2,0.998904315135715
2004-11-11,5954.31005859375,5995.330078125,5943.330078125,5980.02978515625,13800.0,2,0.9990256491403173
2004-11-12,5964.009765625,6001.990234375,5945.97998046875,5985.0498046875,3800.0,2,0.9999033858694311
2004-11-16,5996.7001953125,6002.02978515625,5949.240234375,5970.0400390625,13800.0,2,0.9990329533615715
2004-11-17,6016.580078125,6036.7001953125,5997.740234375,6000.10986328125,14800.0,2,0.9986975787561005
2004-11-18,6025.47021484375,6035.22021484375,5985.56982421875,6019.85009765625,14800.0,2,0.9987676137786667
2004-11-19,5961.7099609375,6044.5498046875,5953.419921875,6030.81005859375,15000.0,2,0.9987249625285458
2004-11-22,5963.7998046875,5979.10009765625,5877.97021484375,5921.009765625,14000.0,2,0.9989636586433787
2004-11-23,6009.85986328125,6031.58984375,5977.759765625,5988.27978515625,14600.0,2,0.9989098943132358
2004-11-24,6035.9501953125,6053.18994140625,6001.4599609375,6001.4599609375,12800.0,2,0.999193272373243
2004-11-25,6035.02978515625,6081.740234375,6014.97998046875,6033.7998046875,20000.0,2,0.9972191912603589
2004-11-29,6157.77001953125,6166.72021484375,6029.81982421875,6033.419921875,23000.0,2,0.9913739226355398
2004-11-30,6234.2900390625,6248.43017578125,6194.60986328125,6195.02001953125,18800.0,2,0.9975553911744978
2004-12-01,6227.830078125,6272.68017578125,6176.08984375,6259.27978515625,26600.0,2,0.9933497647250427
2004-12-02,6328.43017578125,6335.14013671875,6275.41015625,6275.41015625,26200.0,2,0.9930009912536708
2004-12-03,6322.759765625,6361.52978515625,6304.22021484375,6348.31982421875,20600.0,2,0.9967676877085596
2004-12-06,6322.5,6386.2900390625,6312.1298828125,6351.0400390625,18800.0,2,0.9976688575571857
2004-12-07,6316.27978515625,6354.259765625,6287.4599609375,6324.06982421875,17800.0,2,0.9981872873267084
2004-12-08,6261.52001953125,6359.2001953125,6250.240234375,6333.0400390625,26000.0,2,0.9931433264840598
2004-12-09,6304.27001953125,6319.009765625,6241.27001953125,6259.5,19400.0,2,0.9976278755496523
2004-12-10,6233.5400390625,6336.89990234375,6221.39990234375,6328.10009765625,17600.0,2,0.9975652089774906
2004-12-13,6268.72021484375,6274.240234375,6220.580078125,6231.47021484375,14600.0,2,0.9988564456489961
2004-12-14,6325.52978515625,6331.56982421875,6280.490234375,6280.56005859375,14000.0,2,0.9989384009113546
2004-12-15,6402.2900390625,6423.27001953125,6334.27001953125,6334.27001953125,22400.0,2,0.9958752077410465
2004-12-16,6420.3798828125,6437.0,6373.5498046875,6401.18994140625,18600.0,2,0.99785273542655
2004-12-17,6346.47998046875,6436.080078125,6329.7099609375,6420.89990234375,16800.0,2,0.9981906317414707
2004-12-20,6403.0,6409.52001953125,6345.8701171875,6360.10986328125,16800.0,2,0.9983469855251834
2004-12-21,6451.2998046875,6461.64013671875,6400.56005859375,6429.25,14600.0,2,0.9988898377172699
2004-12-22,6413.66015625,6480.2001953125,6396.43017578125,6465.509765625,16200.0,2,0.9985339557838534
2004-12-23,6441.85009765625,6455.68994140625,6409.2900390625,6410.2998046875,12000.0,2,0.9992744182967004
2004-12-24,6498.06005859375,6507.93994140625,6463.85009765625,6485.259765625,14600.0,2,0.9987677067280221
2004-12-27,6513.02978515625,6566.64013671875,6469.9599609375,6484.83984375,16200.0,2,0.9984436878234629
2004-12-28,6563.47998046875,6568.56982421875,6517.89990234375,6517.89990234375,14600.0,2,0.9987791709431095
2004-12-29,6567.93994140625,6617.14990234375,6552.06005859375,6594.39013671875,12400.0,2,0.9992866065865224
2004-12-30,6522.5400390625,6608.2998046875,6507.2998046875,6583.740234375,13200.0,2,0.9991030128996146
2004-12-31,6602.68994140625,6609.77978515625,6541.3798828125,6541.3798828125,12200.0,2,0.9992467174913982
2005-01-03,6679.2001953125,6684.22021484375,6626.490234375,6626.490234375,12000.0,2,0.9992705321068645
2005-01-04,6651.009765625,6696.31005859375,6640.89990234375,6683.56005859375,16600.0,2,0.9982553724459731
2005-01-05,6458.83984375,6629.97998046875,6337.60986328125,6628.89013671875,24000.0,2,0.5132514479653907
2005-01-06,6367.39013671875,6481.22998046875,6325.35986328125,6447.27001953125,22200.0,2,0.9946881088909358
2005-01-07,6420.4599609375,6440.169921875,6348.75,6374.18994140625,17800.0,2,0.9981750419403188
2005-01-10,6308.5400390625,6469.08984375,6286.85009765625,6440.330078125,13200.0,2,0.9967470806813921
2005-01-11,6222.8701171875,6329.89013671875,6208.81982421875,6317.39013671875,16200.0,2,0.9980296677001789
2005-01-12,6102.740234375,6263.7099609375,6070.330078125,6250.35009765625,20800.0,2,0.9862129357282604
2005-01-13,6221.06005859375,6242.9501953125,6138.0498046875,6138.0498046875,20200.0,2,0.9965680501990886
2005-01-14,6173.81982421875,6249.39013671875,6144.080078125,6232.419921875,18200.0,2,0.9979209401759148
2005-01-17,6194.06982421875,6232.97021484375,6087.5498046875,6202.740234375,19000.0,2,0.9955262267894128
2005-01-18,6192.35009765625,6267.60986328125,6173.08984375,6221.27978515625,21800.0,2,0.9965074963770241
2005-01-19,6173.31982421875,6230.6201171875,6160.66015625,6211.27978515625,16600.0,2,0.9984337600638563
2005-01-20,6183.240234375,6197.2099609375,6091.080078125,6170.330078125,26600.0,2,0.9916340037003146
2005-01-24,6106.43017578125,6215.77978515625,6089.52001953125,6201.60009765625,18000.0,2,0.9972828408590303
2005-01-25,6162.97998046875,6174.0,6069.330078125,6093.66015625,21400.0,2,0.9963879531441694
2005-01-27,6239.43017578125,6252.240234375,6188.3798828125,6188.3798828125,22200.0,2,0.9960145736060821
2005-01-28,6419.08984375,6430.72021484375,6245.259765625,6245.259765625,23600.0,2,0.9622072743709437
2005-01-31,6555.93994140625,6565.0,6455.5498046875,6463.52001953125,22000.0,2,0.9954487424462849
2005-02-01,6552.47021484375,6586.25,6508.990234375,6565.2099609375,28400.0,2,0.992203781702757
2005-02-02,6530.06005859375,6600.02001953125,6510.419921875,6560.6201171875,88400.0,0,0.9999976179814274
2005-02-03,6619.97021484375,6630.68017578125,6550.75,6550.75,14400.0,2,0.9988285332678261
2005-02-04,6618.22998046875,6684.16015625,6571.509765625,6635.85009765625,16800.0,2,0.9985291004125035
2005-02-07,6535.169921875,6658.330078125,6514.85986328125,6652.330078125,12400.0,2,0.9985748048617998
2005-02-08,6544.77001953125,6573.93017578125,6508.330078125,6528.81005859375,12600.0,2,0.9992876074802044
2005-02-09,6593.52978515625,6613.5400390625,6553.39990234375,6556.52978515625,13000.0,2,0.9991571534322007
2005-02-10,6577.830078125,6608.9599609375,6533.97021484375,6600.85009765625,12600.0,2,0.9992060795419088
2005-02-11,6633.759765625,6640.10986328125,6594.31982421875,6594.31982421875,15200.0,2,0.9985923040196902
2005-02-14,6679.330078125,6719.169921875,6659.64013671875,6673.39013671875,13600.0,2,0.9990396067301509
2005-02-15,6670.06005859375,6694.7900390625,6640.43017578125,6694.7900390625,20800.0,2,0.9962083407560737
2005-02-16,6607.77978515625,6714.1298828125,6581.52978515625,6673.7099609375,14800.0,2,0.9985741647527616
2005-02-17,6589.2900390625,6599.47998046875,6533.1298828125,6598.77001953125,14400.0,2,0.9986122591305037
2005-02-18,6584.31982421875,6642.77001953125,6564.5498046875,6595.18994140625,14400.0,2,0.9989527886219756
2005-02-21,6534.68017578125,6602.52978515625,6521.06982421875,6585.8798828125,11800.0,2,0.9993527462616517
2005-02-22,6589.41015625,6603.14013671875,6515.72998046875,6531.580078125,11000.0,2,0.9994246072498391
2005-02-23,6582.5,6607.77978515625,6565.419921875,6593.85009765625,12200.0,2,0.9992170845170076
2005-02-24,6574.2099609375,6621.68017578125,6565.81005859375,6616.3701171875,26800.0,2,0.9914362032800464
2005-02-25,6569.72021484375,6622.6201171875,6543.91015625,6588.2900390625,14400.0,2,0.9990233935064989
2005-02-28,6713.85986328125,6720.93994140625,6545.93994140625,6584.33984375,23200.0,2,0.9833086151036211
2005-03-01,6651.080078125,6725.919921875,6628.22021484375,6725.919921875,16800.0,2,0.9981179126933976
2005-03-02,6686.89013671875,6708.77978515625,6647.10986328125,6658.93994140625,26000.0,2,0.9935872535932787
2005-03-03,6784.72021484375,6793.240234375,6691.18017578125,6700.7900390625,18200.0,2,0.9975383979715139
2005-03-04,6849.47998046875,6864.6201171875,6798.6201171875,6798.6201171875,18200.0,2,0.9978026526344795
2005-03-07,6878.97998046875,6902.490234375,6854.9599609375,6863.580078125,14600.0,2,0.9987593383784953
2005-03-08,6915.08984375,6929.58984375,6872.72021484375,6885.72998046875,15200.0,2,0.9987151108688678
2005-03-09,6892.81982421875,6954.85986328125,6843.43994140625,6895.6201171875,17400.0,2,0.9983785425323096
2005-03-10,6907.64990234375,6917.60009765625,6849.97998046875,6888.72998046875,27200.0,2,0.9924830098587555
2005-03-11,6853.72998046875,6948.5400390625,6839.35009765625,6921.02001953125,14200.0,2,0.998842021699271
2005-03-14,6810.0400390625,6882.22998046875,6794.919921875,6854.919921875,124800.0,0,1.0
2005-03-15,6752.4501953125,6823.4599609375,6730.22998046875,6815.58984375,12800.0,2,0.9991612377537429
2005-03-16,6746.8798828125,6806.72021484375,6732.330078125,6757.490234375,13000.0,2,0.9991393115671592
2005-03-17,6669.52001953125,6737.2900390625,6642.60009765625,6719.10986328125,13000.0,2,0.9991955574565333
2005-03-18,6700.33984375,6710.97998046875,6595.52978515625,6664.64990234375,15600.0,2,0.9981230042530443
2005-03-21,6656.68994140625,6734.72021484375,6633.52001953125,6716.41015625,10000.0,2,0.999531979746776
2005-03-22,6535.4501953125,6656.31005859375,6520.14990234375,6655.77978515625,13600.0,2,0.9982790280018049
2005-03-23,6454.4599609375,6568.2001953125,6435.81982421875,6533.64990234375,23400.0,2,0.994498283484121
2005-03-24,6442.8701171875,6514.72998046875,6412.89013671875,6456.02001953125,17200.0,2,0.9983136220728951
2005-03-28,6510.740234375,6555.10009765625,6471.47021484375,6471.47021484375,11600.0,2,0.9992811201525627
2005-03-29,6367.85986328125,6512.97998046875,6326.72998046875,6512.97998046875,14400.0,2,0.9948705323983529
2005-03-30,6381.39990234375,6400.06982421875,6321.31005859375,6371.39990234375,14600.0,2,0.9989166963948951
2005-03-31,6492.81982421875,6509.02001953125,6404.77978515625,6404.77978515625,13400.0,2,0.9988122322510532
2005-04-01,6605.0400390625,6618.080078125,6468.52001953125,6506.60009765625,11400.0,2,0.9984588787536691
2005-04-04,6604.419921875,6649.419921875,6586.25,6616.830078125,11200.0,2,0.9994419179992023
2005-04-05,6550.2900390625,6621.91015625,6532.93994140625,6611.52978515625,12200.0,2,0.9992734416700408
2005-04-06,6606.41015625,6617.06982421875,6551.68017578125,6555.919921875,12200.0,2,0.9992775327418163
2005-04-07,6545.64013671875,6644.68994140625,6530.97021484375,6629.1201171875,11000.0,2,0.9993154497875699
2005-04-08,6479.5400390625,6560.8798828125,6456.83984375,6544.81005859375,11400.0,2,0.9993624662888906
2005-04-11,6397.52001953125,6444.330078125,6382.1298828125,6426.2099609375,9000.0,2,0.9996526112096965
2005-04-12,6464.60986328125,6472.0400390625,6404.35009765625,6407.39013671875,8800.0,2,0.9996379753602196
2005-04-13,6467.919921875,6515.81982421875,6449.330078125,6466.919921875,13600.0,2,0.9990646908801525
2005-04-15,6248.33984375,6339.72998046875,6232.3701171875,6339.72998046875,14000.0,2,0.998739582348174
2005-04-18,6156.77978515625,6220.97998046875,6118.419921875,6220.97998046875,12800.0,2,0.9990728608818815
2005-04-19,6134.85986328125,6269.75,6121.419921875,6181.39013671875,13800.0,2,0.9975029771600814
2005-04-20,6243.740234375,6259.27978515625,6151.259765625,6169.830078125,16200.0,2,0.9982927887216928
2005-04-21,6299.2001953125,6305.8798828125,6174.2998046875,6249.2900390625,14600.0,2,0.9977962200503253
2005-04-22,6346.56982421875,6374.02978515625,6302.85986328125,6329.85009765625,12800.0,2,0.99928911656266
2005-04-25,6377.85009765625,6391.72998046875,6308.47998046875,6338.669921875,11000.0,2,0.9994633662020603
2005-04-26,6339.97998046875,6377.5400390625,6323.52978515625,6374.27978515625,8800.0,2,0.9996425956869814
2005-04-27,6278.5,6357.56005859375,6258.06982421875,6323.89990234375,14000.0,2,0.9990312804135335
2005-04-28,6284.2001953125,6292.91015625,6233.2900390625,6271.60986328125,14800.0,2,0.9987932446839348
2005-04-29,6154.43994140625,6288.43994140625,6138.47021484375,6283.06982421875,14000.0,2,0.9977285548191162
2005-05-02,6195.14990234375,6223.77978515625,6141.3701171875,6183.06982421875,12200.0,2,0.9993784336189916
2005-05-03,6216.77001953125,6246.240234375,6189.16015625,6200.39013671875,12600.0,2,0.999256685128708
2005-05-04,6289.5498046875,6294.85009765625,6218.9501953125,6218.9501953125,9600.0,2,0.9995461409885164
2005-05-05,6359.64990234375,6391.31982421875,6322.02001953125,6322.02001953125,9800.0,2,0.9995521575232111
2005-05-06,6388.47998046875,6402.35009765625,6334.009765625,6367.25,13800.0,2,0.9990812514887205
2005-05-09,6481.35009765625,6486.06982421875,6391.7998046875,6391.7998046875,11600.0,2,0.9991861362663681
2005-05-10,6454.7099609375,6494.91015625,6439.68994140625,6486.080078125,12600.0,2,0.9992069086375267
2005-05-11,6445.1298828125,6454.41015625,6380.759765625,6420.25,10600.0,2,0.9994843127199667
2005-05-12,6456.81982421875,6482.39013671875,6432.169921875,6442.85986328125,10000.0,2,0.9995457367466438
2005-05-13,6451.5400390625,6462.85009765625,6418.77978515625,6447.72021484375,29000.0,2,0.9885459438859688
2005-05-16,6528.02978515625,6532.14990234375,6456.97021484375,6456.97021484375,8400.0,2,0.999640324815091
2005-05-17,6466.0,6568.60986328125,6450.85986328125,6545.22021484375,11800.0,2,0.9991972706621481
2005-05-18,6447.0,6457.3701171875,6380.52978515625,6457.3701171875,14800.0,2,0.9983756579095504
2005-05-19,6478.93994140625,6537.740234375,6460.240234375,6461.06982421875,11400.0,2,0.9992348778712346
2005-05-20,6499.5,6512.9599609375,6438.60009765625,6462.16015625,11400.0,2,0.999425148429701
2005-05-23,6539.830078125,6549.56982421875,6499.2099609375,6504.490234375,8200.0,2,0.9996865982596879
2005-05-24,6565.3701171875,6579.0498046875,6522.7998046875,6563.02001953125,10400.0,2,0.9994897546450515
2005-05-25,6597.60009765625,6612.25,6537.60986328125,6566.83984375,10800.0,2,0.9994911368022619
2005-05-26,6670.77978515625,6685.330078125,6587.56982421875,6599.27001953125,13800.0,2,0.9989190367568004
2005-05-27,6707.72021484375,6772.740234375,6689.14013671875,6689.56005859375,15400.0,2,0.9982087057431692
2005-05-30,6663.5498046875,6724.990234375,6642.60986328125,6697.14990234375,9600.0,2,0.9996108792774285
2005-05-31,6715.10986328125,6721.60986328125,6647.7001953125,6666.169921875,8600.0,2,0.9996547909268414
2005-06-01,6729.89990234375,6763.27978515625,6710.3701171875,6729.39013671875,9800.0,2,0.9995606372519646
2005-06-02,6655.56005859375,6756.6201171875,6647.35986328125,6733.4599609375,9400.0,2,0.9995096407151766
2005-06-03,6748.85009765625,6761.1298828125,6647.68994140625,6664.97998046875,12200.0,2,0.9990297126758343
2005-06-06,6758.18994140625,6813.91015625,6740.6298828125,6747.2001953125,9800.0,2,0.9994908342269193
2005-06-07,6781.25,6795.02978515625,6737.08984375,6756.60009765625,8400.0,2,0.99968295861504
2005-06-08,6858.240234375,6862.830078125,6768.2001953125,6768.2001953125,10000.0,2,0.999387886740651
2005-06-09,6832.52978515625,6862.7900390625,6813.2001953125,6858.7001953125,14600.0,2,0.9987156275710035
2005-06-10,6781.990234375,6883.669921875,6774.14013671875,6833.580078125,10200.0,2,0.9993895679805392
2005-06-13,6832.68017578125,6843.6201171875,6757.0400390625,6790.330078125,8400.0,2,0.9996615181451735
2005-06-14,6860.18017578125,6865.18017578125,6819.31005859375,6847.6201171875,9200.0,2,0.9995679105304549
2005-06-15,6906.97998046875,6916.330078125,6858.080078125,6876.7900390625,9800.0,2,0.9995564328470541
2005-06-16,6900.41015625,6933.259765625,6869.47021484375,6906.1201171875,12600.0,2,0.9992647142969284
2005-06-17,6906.52001953125,6921.60009765625,6855.5498046875,6913.06982421875,11000.0,2,0.9993631447540777
2005-06-20,6984.5498046875,7001.5498046875,6940.06005859375,6940.06005859375,24400.0,2,0.99442953718712
2005-06-21,7076.52001953125,7083.580078125,6967.9501953125,6985.91015625,19000.0,2,0.9968820219521576
2005-06-22,7145.33984375,7167.31982421875,7079.8701171875,7079.8701171875,37200.0,2,0.9845299252594114
2005-06-23,7119.759765625,7156.5498046875,7090.47998046875,7142.91015625,20800.0,2,0.9967580154571618
2005-06-24,7148.6201171875,7178.0400390625,7058.009765625,7104.43017578125,15400.0,2,0.9986110001087495
2005-06-27,7151.080078125,7228.2099609375,7133.93994140625,7136.39013671875,18400.0,2,0.9965508746902578
2005-06-28,7049.0,7175.14990234375,7036.06005859375,7158.66015625,17400.0,2,0.9970131910284487
2005-06-29,7119.8798828125,7125.2099609375,7034.47998046875,7059.3701171875,14200.0,2,0.9988547619438586
2005-06-30,7193.85009765625,7218.27978515625,7154.27001953125,7154.27001953125,28600.0,2,0.9908775598185597
2005-07-01,7210.77001953125,7228.56982421875,7154.93017578125,7165.4501953125,12600.0,2,0.9992194192655411
2005-07-04,7277.31005859375,7284.41015625,7186.740234375,7186.740234375,9600.0,2,0.9994099693953038
2005-07-05,7220.25,7308.72021484375,7209.85986328125,7275.0,12600.0,2,0.9991518067386659
2005-07-06,7287.60009765625,7296.18017578125,7227.22021484375,7227.22021484375,13400.0,2,0.999006041958297
2005-07-07,7145.1298828125,7306.5400390625,7123.10986328125,7281.06982421875,16800.0,2,0.9943419753043509
2005-07-08,7212.080078125,7240.39013671875,7158.14013671875,7171.52001953125,14600.0,2,0.9988974906375953
2005-07-11,7306.740234375,7320.25,7227.509765625,7227.509765625,13400.0,2,0.9989055375574087
2005-07-12,7303.9501953125,7352.4599609375,7217.60009765625,7297.9501953125,17000.0,2,0.9981417887542314
2005-07-13,7247.91015625,7338.009765625,7236.77978515625,7303.18994140625,11600.0,2,0.9992937147379736
2005-07-14,7187.7001953125,7263.02978515625,7163.85009765625,7262.85986328125,13600.0,2,0.9989053908795661
2005-07-15,7271.5400390625,7283.0400390625,7178.08984375,7192.4501953125,10400.0,2,0.9993528706868047
2005-07-18,7347.10009765625,7359.81005859375,7308.8701171875,7325.64990234375,17400.0,2,0.997947690012188
2005-07-19,7346.6298828125,7385.68994140625,7317.85009765625,7348.60009765625,11000.0,2,0.999454226345998
2005-07-20,7342.89013671875,7392.669921875,7334.47998046875,7373.93994140625,9800.0,2,0.9995223526769975
2005-07-21,7304.31982421875,7380.68994140625,7275.58984375,7345.97998046875,12600.0,2,0.9992439288418014
2005-07-22,7423.25,7429.9501953125,7273.18994140625,7306.64013671875,12200.0,2,0.9975944259586954
2005-07-25,7505.60009765625,7526.8798828125,7427.64990234375,7427.64990234375,17200.0,2,0.9978792428995934
2005-07-26,7552.77001953125,7564.7900390625,7473.240234375,7524.10009765625,20200.0,2,0.9970391646804136
2005-07-27,7605.02978515625,7620.3701171875,7504.9599609375,7559.759765625,13200.0,2,0.9989069132237757
2005-07-29,7635.419921875,7708.58984375,7545.7900390625,7556.169921875,21800.0,2,0.9909929955201897
2005-08-01,7669.4501953125,7681.10986328125,7596.740234375,7632.009765625,13800.0,2,0.998987828507095
2005-08-02,7756.0400390625,7762.7998046875,7683.1298828125,7683.1298828125,19400.0,2,0.9971553981107247
2005-08-03,7756.47021484375,7843.77001953125,7740.830078125,7774.2900390625,28600.0,2,0.9906598936133725
2005-08-04,7797.080078125,7826.35986328125,7756.97021484375,7810.0498046875,23400.0,2,0.9952847289257196
2005-08-05,7754.0,7817.60986328125,7738.64013671875,7806.10986328125,17400.0,2,0.9980318526293878
2005-08-08,7606.169921875,7781.0400390625,7594.93994140625,7760.669921875,16800.0,2,0.9927581233095824
2005-08-09,7595.56982421875,7686.85009765625,7559.7998046875,7617.4599609375,23200.0,2,0.9956596781683925
2005-08-10,7729.81982421875,7741.35009765625,7615.89990234375,7615.89990234375,14000.0,2,0.9980318249102429
2005-08-11,7816.509765625,7842.5498046875,7727.5,7749.009765625,27000.0,2,0.9935387335929275
2005-08-12,7767.490234375,7861.259765625,7755.580078125,7835.7001953125,16800.0,2,0.9981410036027754
2005-08-16,7768.240234375,7828.009765625,7737.759765625,7774.27001953125,11000.0,2,0.9994367645162664
2005-08-17,7859.52978515625,7870.6201171875,7735.3701171875,7771.77978515625,11200.0,2,0.9988854824907291
2005-08-18,7811.330078125,7921.39013671875,7791.91015625,7902.83984375,13200.0,2,0.998791728848397
2005-08-19,7780.759765625,7867.89013671875,7760.68994140625,7817.740234375,10600.0,2,0.999413078607054
2005-08-22,7750.60009765625,7845.9599609375,7711.18017578125,7814.93017578125,16000.0,2,0.9983428972756485
2005-08-23,7615.990234375,7770.830078125,7601.33984375,7764.85986328125,11000.0,2,0.9979750082209541
2005-08-24,7612.0,7639.68017578125,7537.5,7615.68017578125,15000.0,2,0.9986095141897935
2005-08-25,7660.419921875,7672.18017578125,7595.83984375,7651.10986328125,10600.0,2,0.9993895903042255
2005-08-26,7680.22021484375,7732.31005859375,7644.41015625,7701.06982421875,11800.0,2,0.9993761492177412
2005-08-29,7634.43017578125,7699.56005859375,7566.2099609375,7693.0,7600.0,2,0.9995053192708467
2005-08-30,7745.0,7758.35986328125,7679.43994140625,7681.669921875,9800.0,2,0.9994877295047243
2005-08-31,7805.43017578125,7807.669921875,7726.97998046875,7746.7998046875,9600.0,2,0.9995020856683889
2005-09-01,7876.14990234375,7902.18994140625,7818.89990234375,7818.89990234375,11200.0,2,0.9993080013354843
2005-09-02,7899.77001953125,7928.06982421875,7836.33984375,7888.10986328125,12600.0,2,0.9992339205271862
2005-09-05,7925.240234375,7983.330078125,7901.35009765625,7901.35009765625,10200.0,2,0.9993210092984932
2005-09-06,7946.77978515625,7976.39990234375,7914.41015625,7931.419921875,10000.0,2,0.9995049206361211
2005-09-08,8052.56005859375,8060.259765625,7957.35009765625,7957.35009765625,10400.0,2,0.9992325573001366
2005-09-09,8060.009765625,8077.740234375,8015.75,8060.89013671875,8800.0,2,0.9995858275283034
2005-09-12,8138.419921875,8142.81005859375,8072.990234375,8072.990234375,8200.0,2,0.9996064519145919
2005-09-13,8193.9599609375,8202.0400390625,8121.080078125,8137.39013671875,9400.0,2,0.9995246855523112
2005-09-14,8189.47998046875,8260.009765625,8144.31982421875,8207.5302734375,17400.0,2,0.998324342390218
2005-09-15,8283.759765625,8294.240234375,8203.76953125,8208.2099609375,11800.0,2,0.999161547557454
2005-09-16,8380.9599609375,8388.7998046875,8268.599609375,8296.8798828125,12800.0,2,0.9987636635226136
2005-09-19,8444.83984375,8461.099609375,8382.9599609375,8399.509765625,10600.0,2,0.9994174989925743
2005-09-20,8500.2802734375,8515.5,8376.1201171875,8412.7099609375,15600.0,2,0.997717936878157
2005-09-21,8487.1396484375,8521.75,8261.580078125,8499.330078125,26800.0,1,0.6773661063204764
2005-09-22,8221.6396484375,8519.599609375,8186.1298828125,8480.6201171875,27200.0,1,0.8277825642151494
2005-09-23,8222.58984375,8327.349609375,8121.81005859375,8255.0498046875,20000.0,2,0.9936885850796545
2005-09-26,8478.91015625,8487.3603515625,8280.0595703125,8280.0595703125,18600.0,2,0.9516906658145655
2005-09-27,8525.51953125,8585.759765625,8444.98046875,8497.25,20000.0,2,0.9972249518910385
2005-09-28,8606.0302734375,8613.830078125,8475.6796875,8535.8095703125,18000.0,2,0.9965294629871206
2005-09-29,8650.169921875,8722.169921875,8588.4697265625,8588.4697265625,19800.0,2,0.9947287185128199
2005-09-30,8634.48046875,8683.5703125,8527.3798828125,8672.66015625,23400.0,2,0.9897103966388994
2005-10-03,8697.650390625,8725.75,8662.990234375,8662.990234375,16600.0,2,0.9979992792018562
2005-10-04,8799.9599609375,8808.830078125,8706.7001953125,8706.7001953125,27400.0,2,0.992024319622247
2005-10-05,8724.4697265625,8821.83984375,8695.6904296875,8815.669921875,23600.0,2,0.9945310045749467
2005-10-06,8528.7001953125,8693.2001953125,8508.4296875,8693.2001953125,29400.0,2,0.9735712957442678
2005-10-07,8491.5595703125,8586.4296875,8410.6904296875,8528.7001953125,25000.0,2,0.9936875656086792
2005-10-10,8483.8603515625,8564.849609375,8465.900390625,8516.4404296875,16200.0,2,0.9983742098693917
2005-10-11,8540.5595703125,8563.849609375,8381.9599609375,8547.9501953125,21200.0,2,0.9674522966086295
2005-10-13,8376.900390625,8547.7998046875,8346.3203125,8520.48046875,24200.0,2,0.9831904237342308
2005-10-14,8201.73046875,8396.419921875,8180.10009765625,8389.4501953125,25200.0,2,0.9588350794808488
2005-10-17,8202.6201171875,8254.7998046875,8131.77001953125,8230.4697265625,21800.0,2,0.9962533555737766
2005-10-18,8122.25,8317.3798828125,8067.91015625,8232.259765625,19200.0,2,0.9741154278474301
2005-10-19,7971.06005859375,8084.7900390625,7922.89013671875,8066.06005859375,26400.0,2,0.9910465057773605
2005-10-20,7935.1201171875,8134.830078125,7838.02001953125,8075.81982421875,27200.0,2,0.8095083429468365
2005-10-21,8068.9501953125,8080.77001953125,7901.14013671875,7930.5,25600.0,2,0.9799725058732799
2005-10-24,7920.7998046875,8126.27001953125,7898.41015625,8096.490234375,21400.0,2,0.9666056991542372
2005-10-25,7991.740234375,8074.080078125,7921.43994140625,7974.169921875,22200.0,2,0.9956732731625543
2005-10-26,7974.68994140625,8047.85986328125,7951.0498046875,7996.919921875,15800.0,2,0.998585130065194
2005-10-27,7798.490234375,7994.81982421875,7766.990234375,7989.35009765625,26800.0,2,0.937000893181418
2005-10-28,7685.64013671875,7795.02978515625,7656.14990234375,7795.02978515625,21800.0,2,0.9944600460819374
2005-10-31,7892.31982421875,7905.7001953125,7717.06982421875,7717.06982421875,15600.0,2,0.984499218604528
2005-11-02,8072.75,8086.83984375,7891.22998046875,7953.27978515625,16600.0,2,0.9891775288545144
2005-11-07,8206.830078125,8216.419921875,8049.64990234375,8083.58984375,27200.0,2,0.9842709383302918
2005-11-08,8317.7998046875,8353.099609375,8213.75,8218.8203125,24000.0,2,0.9926982895286133
2005-11-09,8308.7802734375,8405.4599609375,8269.08984375,8332.009765625,19400.0,2,0.9972133267527503
2005-11-10,8308.9296875,8342.5302734375,8190.990234375,8314.3896484375,1200.0,2,0.9997630462054994
2005-11-11,8471.0400390625,8483.6796875,8332.9404296875,8332.9404296875,20200.0,2,0.9922146441778016
2005-11-14,8494.2900390625,8569.91015625,8416.8896484375,8503.7001953125,16200.0,2,0.9982786867376693
2005-11-16,8595.919921875,8606.9501953125,8503.0,8511.099609375,15000.0,2,0.9984019151283959
2005-11-17,8649.51953125,8662.5703125,8547.33984375,8611.7900390625,17000.0,2,0.9977831264940717
2005-11-18,8686.650390625,8739.5703125,8661.599609375,8669.83984375,22400.0,2,0.9953359829405375
2005-11-21,8610.740234375,8713.099609375,8586.919921875,8699.26953125,21400.0,2,0.9959706288155898
2005-11-22,8534.9697265625,8664.4599609375,8518.1796875,8602.8203125,19600.0,2,0.9959818151612517
2005-11-23,8638.33984375,8649.6796875,8537.48046875,8542.6103515625,19600.0,2,0.9965392573546163
2005-11-24,8744.0400390625,8765.7099609375,8655.1396484375,8655.1396484375,19800.0,2,0.9965119186139791
2005-11-25,8853.2099609375,8863.9296875,8760.7001953125,8760.7001953125,19000.0,2,0.9968877394987803
2005-11-28,8994.9404296875,9005.6298828125,8905.6796875,8905.6796875,18800.0,2,0.9970328075026765
2005-11-29,8931.16015625,9000.650390625,8875.8203125,9000.650390625,19400.0,2,0.9965022753664716
2005-11-30,8788.8095703125,9033.990234375,8768.7998046875,8962.919921875,18200.0,2,0.9218401064905024
2005-12-01,8944.7802734375,8960.1103515625,8769.5595703125,8813.8203125,18200.0,2,0.9890301915531642
2005-12-02,8961.6103515625,9057.9697265625,8943.7001953125,9010.580078125,18400.0,2,0.9975774704035957
2005-12-05,8823.3095703125,9010.73046875,8803.3701171875,8965.830078125,14400.0,2,0.9934575256863981
2005-12-06,8815.5302734375,8915.1201171875,8783.9296875,8827.0,14000.0,2,0.9984586070764546
2005-12-07,8895.8095703125,8915.8798828125,8825.9296875,8825.9296875,13600.0,2,0.9987989466176288
2005-12-08,8906.3095703125,8931.580078125,8826.3896484375,8918.6298828125,15400.0,2,0.9980905735352105
2005-12-09,9067.2802734375,9080.759765625,8907.7197265625,8907.7197265625,20200.0,2,0.9860722245138234
2005-12-12,9133.669921875,9175.599609375,9092.650390625,9092.650390625,18600.0,2,0.9972169820537908
2005-12-13,9263.900390625,9274.1904296875,9111.0302734375,9160.759765625,25200.0,2,0.9894024081161061
2005-12-14,9241.759765625,9309.009765625,9199.849609375,9264.990234375,24400.0,2,0.9957796013287202
2005-12-15,9170.400390625,9298.2802734375,9117.259765625,9259.7802734375,18600.0,2,0.9959616740232838
2005-12-16,9284.4599609375,9290.3095703125,9137.16015625,9191.6298828125,20000.0,2,0.9942179248770244
2005-12-19,9394.26953125,9402.6796875,9263.3203125,9263.3203125,101000.0,0,0.9999999994007454
2005-12-20,9346.240234375,9427.5703125,9310.6298828125,9400.25,22000.0,2,0.9964864852607903
2005-12-21,9339.169921875,9423.25,9272.759765625,9349.240234375,18800.0,2,0.9976143404808964
2005-12-22,9372.2998046875,9413.7001953125,9328.759765625,9398.6201171875,36200.0,2,0.9862589932293618
2005-12-23,9256.91015625,9442.98046875,9237.9404296875,9417.2900390625,15800.0,2,0.9918489530495115
2005-12-26,9085.8896484375,9262.48046875,9050.509765625,9254.08984375,15400.0,2,0.9905905785152659
2005-12-27,9283.16015625,9297.0703125,9020.7998046875,9071.25,14600.0,2,0.6924678717924302
2005-12-28,9257.509765625,9350.8203125,9207.26953125,9292.1796875,19600.0,2,0.9973838456667666
2005-12-29,9323.25,9338.1103515625,9271.6298828125,9272.6298828125,14200.0,2,0.998637802031532
2005-12-30,9397.9296875,9427.23046875,9311.5302734375,9339.3203125,15200.0,2,0.9985353523063831
2006-01-02,9390.1396484375,9457.08984375,9366.08984375,9422.490234375,14000.0,2,0.9988955674397884
2006-01-03,9539.3701171875,9546.7802734375,9390.7900390625,9401.830078125,13200.0,2,0.996717011320332
2006-01-04,9648.080078125,9664.9404296875,9523.2900390625,9523.2900390625,21400.0,2,0.9932277497251525
2006-01-05,9617.740234375,9679.7197265625,9571.3095703125,9638.26953125,19200.0,2,0.9977566759856649
2006-01-06,9640.2900390625,9680.919921875,9535.66015625,9635.08984375,16000.0,2,0.9978210112477124
2006-01-09,9583.4501953125,9689.6796875,9539.6298828125,9643.919921875,15600.0,2,0.998288521407145
2006-01-10,9445.2998046875,9600.080078125,9418.6298828125,9584.4697265625,24600.0,2,0.9882247457126997
2006-01-12,9380.8798828125,9435.259765625,9303.7099609375,9334.1298828125,25400.0,2,0.9947002482581858
2006-01-13,9374.1904296875,9471.8896484375,9362.25,9425.0703125,15600.0,2,0.9982938754853967
2006-01-16,9311.1904296875,9397.6201171875,9287.08984375,9382.8603515625,17200.0,2,0.9979527557519468
2006-01-17,9314.1298828125,9421.51953125,9289.23046875,9317.990234375,27200.0,2,0.9890326947719116
2006-01-18,9237.5302734375,9302.7802734375,9158.4404296875,9293.7998046875,45800.0,2,0.9834881178955839
2006-01-19,9449.83984375,9473.8603515625,9271.6298828125,9271.6298828125,19200.0,2,0.9701416076280229
2006-01-20,9520.9599609375,9556.1904296875,9466.099609375,9493.3896484375,17800.0,2,0.9980225191150075
2006-01-23,9464.900390625,9503.400390625,9432.9296875,9467.5595703125,16200.0,2,0.998302164447387
2006-01-24,9549.919921875,9574.1396484375,9503.419921875,9503.419921875,16800.0,2,0.9978727271282103
2006-01-25,9685.740234375,9714.48046875,9580.2998046875,9580.2998046875,21600.0,2,0.9943420265741971
2006-01-27,9870.7900390625,9883.9501953125,9764.259765625,9764.259765625,18200.0,2,0.9966044711064275
2006-01-30,9849.0302734375,9945.1904296875,9803.6796875,9896.4599609375,29400.0,2,0.9931680256695793
2006-01-31,9919.8896484375,9939.5498046875,9873.3701171875,9892.23046875,18400.0,2,0.9973692315383118
2006-02-01,9859.259765625,9993.919921875,9819.3203125,9959.240234375,19000.0,2,0.9958544822859521
2006-02-02,9843.8701171875,9956.099609375,9816.009765625,9890.900390625,19400.0,2,0.996862092399652
2006-02-03,9742.580078125,9837.740234375,9713.509765625,9834.9697265625,16000.0,2,0.9979284953839855
2006-02-06,9980.419921875,10002.830078125,9739.7099609375,9746.08984375,21400.0,2,0.6199285602886908
2006-02-07,10082.2802734375,10099.580078125,9972.4296875,9993.3896484375,19000.0,2,0.9967551576449135
2006-02-08,10044.8203125,10083.5302734375,9958.5498046875,10083.5302734375,17600.0,2,0.996176959429185
2006-02-10,10110.9697265625,10122.25,10057.0703125,10066.3603515625,18600.0,2,0.9970923409462967
2006-02-13,10173.25,10182.76953125,10096.2802734375,10132.669921875,15400.0,2,0.9983631698949851
2006-02-14,10086.6298828125,10185.0595703125,10064.4599609375,10180.509765625,21400.0,2,0.9956672196931639
2006-02-15,10113.1796875,10191.9697265625,10036.009765625,10144.900390625,24000.0,2,0.9954468001084125
2006-02-16,10124.2998046875,10195.419921875,10110.4599609375,10133.419921875,15600.0,2,0.9980548880921826
2006-02-17,9981.1103515625,10184.0400390625,9970.0,10168.5498046875,18800.0,2,0.9813345040397695
2006-02-20,10079.2998046875,10092.849609375,9896.6396484375,10002.3603515625,14800.0,2,0.990962992333897
2006-02-21,10168.1103515625,10195.509765625,10108.16015625,10108.16015625,15000.0,2,0.9983406856386996
2006-02-22,10224.3203125,10237.6103515625,10157.259765625,10179.259765625,16000.0,2,0.9982273227177548
2006-02-23,10244.0498046875,10304.8798828125,10228.2197265625,10268.509765625,18800.0,2,0.9971558841127763
2006-02-24,10200.759765625,10271.669921875,10177.1201171875,10256.740234375,12800.0,2,0.9989753719903812
2006-02-27,10282.08984375,10296.2197265625,10109.33984375,10214.580078125,13000.0,2,0.9945728312441084
2006-02-28,10370.240234375,10422.650390625,10206.0595703125,10308.7099609375,31800.0,2,0.9797148371607647
2006-03-01,10565.4697265625,10573.2900390625,10344.259765625,10368.75,27600.0,2,0.8922057501649953
2006-03-02,10626.7802734375,10706.2197265625,10593.7998046875,10597.1904296875,26800.0,2,0.9897390466967764
2006-03-03,10595.4296875,10690.0,10556.0302734375,10649.2802734375,17800.0,2,0.997859405189617
2006-03-06,10735.3603515625,10741.58984375,10616.990234375,10616.990234375,21600.0,2,0.9941698806402085
2006-03-07,10725.669921875,10753.1298828125,10661.6201171875,10747.8701171875,24400.0,2,0.9932901763207452
2006-03-08,10508.849609375,10740.599609375,10493.91015625,10728.3896484375,27200.0,2,0.9025419776733971
2006-03-09,10573.5400390625,10593.080078125,10376.5400390625,10533.8896484375,24800.0,2,0.9361105373668336
2006-03-10,10765.16015625,10782.33984375,10581.6396484375,10581.6396484375,18400.0,2,0.9736501328698082
2006-03-13,10803.7099609375,10884.48046875,10782.5302734375,10818.9404296875,15800.0,2,0.9980846728748659
2006-03-14,10801.7197265625,10896.3896484375,10761.2197265625,10796.8203125,22600.0,2,0.9948034393204078
2006-03-16,10878.740234375,10889.25,10830.1904296875,10859.3896484375,18400.0,2,0.9967480559747911
2006-03-17,10860.0400390625,10951.3798828125,10844.0302734375,10902.259765625,26400.0,2,0.9933088007076442
2006-03-20,10941.1103515625,10946.9404296875,10889.41015625,10903.25,14000.0,2,0.9983318181733676
2006-03-21,10905.2001953125,11017.25,10863.6103515625,10945.6201171875,16200.0,2,0.9979289291692155
2006-03-22,10841.349609375,10935.08984375,10784.419921875,10900.01953125,19000.0,2,0.9972678949427233
2006-03-23,10840.58984375,10924.2900390625,10792.98046875,10861.9501953125,14400.0,2,0.998741284228238
2006-03-24,10950.2998046875,10966.0595703125,10851.7998046875,10851.7998046875,21800.0,2,0.9950135094716216
2006-03-27,11079.01953125,11101.419921875,10996.3603515625,10996.3603515625,22400.0,2,0.9950733466610606
2006-03-28,11086.0302734375,11146.849609375,11051.1298828125,11114.4296875,19000.0,2,0.9974344541717743
2006-03-29,11183.48046875,11197.6396484375,11103.8701171875,11103.8701171875,17800.0,2,0.9971705774270974
2006-03-30,11307.0400390625,11338.66015625,11227.8203125,11241.7802734375,23400.0,2,0.9952428706734558
2006-03-31,11279.9599609375,11356.9501953125,11231.16015625,11325.9599609375,17200.0,2,0.9980269047389343
2006-04-03,11564.3603515625,11579.099609375,11342.9599609375,11342.9599609375,16600.0,2,0.8987945060721805
2006-04-04,11638.009765625,11710.6904296875,11570.1103515625,11599.7998046875,18000.0,2,0.997145421498333
2006-04-05,11746.900390625,11755.2001953125,11653.3896484375,11671.1396484375,16200.0,2,0.9977592105077444
2006-04-07,11589.4404296875,11930.66015625,11564.8701171875,11845.1298828125,30400.0,1,0.934422638153219
2006-04-10,11662.5498046875,11691.919921875,11535.2802734375,11620.3798828125,22000.0,2,0.9948754996943449
2006-04-12,11355.73046875,11702.76953125,11302.7802734375,11693.150390625,27000.0,1,0.9945003291672858
2006-04-13,11237.23046875,11380.830078125,11008.4296875,11366.91015625,32800.0,1,0.9897490486630797
2006-04-17,11539.6796875,11560.900390625,11323.740234375,11323.740234375,22800.0,2,0.8612530238886832
2006-04-18,11821.5703125,11834.76953125,11624.9697265625,11624.9697265625,24200.0,2,0.9446696814023128
2006-04-19,11895.98046875,11986.08984375,11799.6201171875,11880.0498046875,26200.0,2,0.9938326361116009
2006-04-20,12039.5498046875,12053.740234375,11866.2099609375,11941.490234375,26400.0,2,0.9852215085077983
2006-04-21,12030.2998046875,12102.0,11860.349609375,12053.900390625,32800.0,2,0.9449021012698007
2006-04-24,11915.240234375,12071.0703125,11882.48046875,12063.73046875,16600.0,2,0.994447949645614
2006-04-25,11646.7802734375,11953.0,11621.6103515625,11943.080078125,18800.0,1,0.7120553560729314
2006-04-26,11938.5302734375,11965.08984375,11635.400390625,11677.0498046875,18600.0,1,0.9222970489622819
2006-04-27,11835.01953125,12086.91015625,11803.490234375,11968.7998046875,31200.0,2,0.8192749109653661
2006-04-28,11851.9296875,11877.3203125,11344.6103515625,11698.6796875,22800.0,1,0.9999846593510564
2006-05-02,12218.7802734375,12288.509765625,12103.7802734375,12103.7802734375,19800.0,2,0.9872986023318265
2006-05-03,12310.7197265625,12337.009765625,12134.1904296875,12231.1201171875,19200.0,2,0.9896764361944285
2006-05-04,12347.6298828125,12482.91015625,12264.1396484375,12358.3095703125,20200.0,2,0.9926173426147145
2006-05-05,12359.7001953125,12443.5400390625,12304.58984375,12373.4697265625,20000.0,2,0.997198266763052
2006-05-08,12462.4697265625,12511.0703125,12393.2197265625,12393.2197265625,17600.0,2,0.9966268530926915
2006-05-09,12513.8603515625,12546.4697265625,12356.0400390625,12488.3798828125,22400.0,2,0.9875377284417992
2006-05-10,12612.3798828125,12624.3701171875,12530.98046875,12546.9296875,19000.0,2,0.9966087132533807
2006-05-11,12435.41015625,12671.1103515625,12397.01953125,12631.5400390625,19000.0,2,0.9423974677639869
2006-05-12,12285.1103515625,12421.759765625,12224.4404296875,12400.7099609375,21000.0,2,0.9927253362452156
2006-05-15,11822.2001953125,12272.6396484375,11770.759765625,12272.6396484375,30200.0,1,0.9999923396311388
2006-05-16,11873.73046875,11954.509765625,11378.9599609375,11861.1796875,38200.0,1,0.9998535941714723
2006-05-17,12217.8095703125,12238.8095703125,11962.8701171875,11962.8701171875,18800.0,1,0.5074903894124747
2006-05-18,11391.4296875,12163.98046875,11330.4501953125,12163.98046875,30600.0,1,0.9999388653418686
2006-05-19,10938.6103515625,11697.1103515625,10799.009765625,11549.669921875,35000.0,1,0.999889916568982
2006-05-22,10481.76953125,11142.900390625,9826.91015625,11071.6298828125,31400.0,1,0.7082437871888944
2006-05-23,10822.7802734375,10859.2001953125,10185.48046875,10590.669921875,30400.0,1,0.9999363142702524
2006-05-24,10573.150390625,11000.9599609375,10504.58984375,10830.98046875,25600.0,1,0.9999846313072391
2006-05-25,10666.3203125,10720.669921875,10274.9296875,10520.900390625,21200.0,1,0.9999654915883495
2006-05-26,10809.349609375,11050.76953125,10735.1396484375,10735.1396484375,24800.0,1,0.9950610191289033
2006-05-29,10853.1396484375,10992.3798828125,10781.6103515625,10855.0302734375,15400.0,2,0.9940961516780228
2006-05-30,10786.6298828125,10988.23046875,10722.919921875,10886.6103515625,16200.0,2,0.978803127246744
2006-05-31,10398.6103515625,10679.490234375,10111.9599609375,10679.490234375,35800.0,1,0.9999707084602065
2006-06-01,10071.419921875,10597.23046875,10017.8203125,10472.4599609375,24200.0,1,0.9999934850577701
2006-06-02,10451.330078125,10477.349609375,10011.4501953125,10104.5703125,28400.0,1,0.9999938672529156
2006-06-05,10213.48046875,10552.3798828125,10186.330078125,10537.080078125,19200.0,1,0.9648674321912758
2006-06-06,9957.3203125,10192.73046875,9884.8896484375,10087.9599609375,26200.0,2,0.8091606606420806
2006-06-07,9756.759765625,10051.8095703125,9609.2099609375,9919.2802734375,27000.0,1,0.9942516099453413
2006-06-08,9295.8095703125,9664.900390625,9200.7998046875,9664.900390625,36800.0,1,0.9999550856464627
2006-06-09,9810.4599609375,9849.2001953125,9262.2001953125,9270.7802734375,29400.0,1,0.9999804190915859
2006-06-12,9476.150390625,9859.3798828125,9428.0302734375,9858.4697265625,20400.0,1,0.9997864578631366
2006-06-13,9062.650390625,9360.0595703125,8993.580078125,9360.0595703125,28000.0,1,0.9736225956631742
2006-06-14,8929.4404296875,9387.0595703125,8799.009765625,9156.9697265625,27400.0,1,0.9999935603474032
2006-06-15,9545.0595703125,9582.9697265625,9092.16015625,9133.3603515625,26200.0,1,0.9999933727214069
2006-06-16,9884.509765625,10118.2802734375,9703.0595703125,9703.0595703125,33400.0,1,0.9999735782857686
2006-06-19,9997.83984375,10049.9404296875,9755.2099609375,9903.1103515625,20800.0,2,0.7527077651823053
2006-06-20,9822.51953125,9958.330078125,9745.169921875,9958.330078125,22400.0,2,0.9795408140788135
2006-06-21,10040.1396484375,10054.0498046875,9757.5400390625,9797.8701171875,24800.0,1,0.7608337782126245
2006-06-22,10275.8798828125,10362.740234375,10093.3798828125,10093.3798828125,22400.0,2,0.6502699166068326
2006-06-23,10401.2998046875,10453.6103515625,10025.1904296875,10201.3095703125,22600.0,1,0.9997890301548689
2006-06-26,10042.0595703125,10451.4697265625,9991.1201171875,10427.849609375,21800.0,1,0.9999570274844736
2006-06-27,10151.009765625,10224.259765625,9902.330078125,10058.2900390625,31400.0,2,0.5260745235750246
2006-06-28,10129.7001953125,10204.66015625,9909.759765625,10067.5498046875,26000.0,2,0.8203051002660612
2006-06-29,10162.16015625,10326.0498046875,10109.5595703125,10193.9404296875,20200.0,2,0.9853664594970423
2006-06-30,10609.25,10626.83984375,10316.1201171875,10316.1201171875,30600.0,1,0.953296467705151
2006-07-03,10695.259765625,10729.919921875,10589.4599609375,10646.5595703125,22600.0,2,0.9959558827618781
2006-07-04,10662.2197265625,10800.1103515625,10644.7197265625,10755.4501953125,17400.0,2,0.9968180877727338
2006-07-05,10919.6396484375,10940.4501953125,10611.349609375,10641.330078125,25600.0,1,0.9650210524492971
2006-07-06,10767.9697265625,10839.5302734375,10703.0,10836.490234375,22000.0,2,0.9947745828690447
2006-07-07,10509.5302734375,10887.669921875,10440.01953125,10813.75,28000.0,1,0.9993838046200116
2006-07-10,10684.2998046875,10704.7802734375,10461.73046875,10484.25,16600.0,2,0.9159032633243746
2006-07-11,10614.349609375,10699.6201171875,10566.7099609375,10699.6201171875,18400.0,2,0.996745387823514
2006-07-12,10930.08984375,10939.6796875,10549.849609375,10604.6396484375,25600.0,1,0.999753026480431
2006-07-13,10858.5,10922.6103515625,10797.490234375,10922.6103515625,22200.0,2,0.9947575881315986
2006-07-14,10678.2197265625,10782.98046875,10563.759765625,10782.98046875,20800.0,2,0.9730341772082521
2006-07-17,10293.2197265625,10647.259765625,10262.5703125,10647.259765625,17800.0,1,0.9918164261492057
2006-07-18,10226.7802734375,10406.4296875,10149.849609375,10336.6201171875,20200.0,2,0.9791071786832662
2006-07-19,10007.33984375,10406.2099609375,9972.73046875,10320.58984375,24400.0,1,0.9994583910080289
2006-07-20,10352.9404296875,10409.580078125,10225.1796875,10247.8701171875,23600.0,2,0.9888023189143331
2006-07-21,10085.91015625,10336.3798828125,10035.240234375,10336.3798828125,23000.0,2,0.6024691113164656
2006-07-24,10215.3701171875,10252.75,9875.349609375,9881.0302734375,20600.0,1,0.999645379202726
2006-07-25,10415.6103515625,10443.0498046875,10323.76953125,10351.75,18400.0,2,0.9975195474838089
2006-07-26,10617.26953125,10648.76953125,10362.6103515625,10465.33984375,19600.0,2,0.7551250326223986
2006-07-27,10741.58984375,10762.669921875,10589.6796875,10671.76953125,20800.0,2,0.9931511929782636
2006-07-28,10680.23046875,10787.650390625,10603.830078125,10787.650390625,21000.0,2,0.9909048053405097
2006-07-31,10743.8798828125,10853.91015625,10710.2900390625,10759.1904296875,17800.0,2,0.9967893486298954
2006-08-01,10751.66015625,10777.4697265625,10646.650390625,10737.5,15800.0,2,0.9977490206281262
2006-08-02,10876.1904296875,10891.3798828125,10730.1298828125,10747.1298828125,18600.0,2,0.9938956896869074
2006-08-03,10923.16015625,11081.900390625,10875.8701171875,10955.26953125,20600.0,2,0.9881243872960697
2006-08-04,10866.509765625,11039.33984375,10810.0400390625,10951.8095703125,18800.0,2,0.9903604408085013
2006-08-07,10812.6396484375,10869.66015625,10780.009765625,10863.2802734375,13600.0,2,0.9986858190755955
2006-08-08,11014.9697265625,11028.01953125,10839.5302734375,10839.5302734375,15200.0,2,0.9872351816127218
2006-08-09,11145.1796875,11187.650390625,10943.830078125,10990.73046875,18400.0,2,0.9583213503916561
2006-08-10,11149.169921875,11213.0302734375,11051.75,11175.0,16600.0,2,0.9973755826116134
2006-08-11,11192.4599609375,11241.1103515625,11069.25,11181.33984375,18600.0,2,0.9960229009121582
2006-08-14,11312.990234375,11330.2998046875,11221.8603515625,11221.8603515625,13200.0,2,0.9984251285825827
2006-08-16,11448.3095703125,11507.919921875,11384.0498046875,11384.0498046875,15200.0,2,0.9974600864505664
2006-08-17,11477.48046875,11551.58984375,11379.4404296875,11498.4697265625,19800.0,2,0.9964362151805409
2006-08-18,11465.7197265625,11508.169921875,11409.1103515625,11507.1396484375,14600.0,2,0.998108719671161
2006-08-21,11511.6796875,11531.599609375,11375.900390625,11488.0302734375,11000.0,2,0.9978816923972016
2006-08-22,11502.6201171875,11619.8603515625,11460.9296875,11547.419921875,12200.0,2,0.9987372221934178
2006-08-23,11406.650390625,11579.919921875,11374.8603515625,11579.919921875,13200.0,2,0.9939070922061384
2006-08-24,11531.9501953125,11566.8896484375,11297.23046875,11367.740234375,15600.0,2,0.9088666524956681
2006-08-25,11572.2001953125,11635.25,11542.099609375,11589.349609375,17000.0,2,0.9979084604068899
2006-08-28,11619.51953125,11633.349609375,11552.4404296875,11583.73046875,9200.0,2,0.9993515187979087
2006-08-29,11706.849609375,11739.76953125,11651.9599609375,11651.9599609375,16000.0,2,0.9977258422044017
2006-08-30,11723.919921875,11756.080078125,11643.3798828125,11735.0498046875,12800.0,2,0.9986188306332456
2006-08-31,11699.0498046875,11794.4296875,11675.080078125,11754.0703125,16600.0,2,0.9979630281498882
2006-09-01,11778.01953125,11795.01953125,11666.009765625,11699.5703125,11600.0,2,0.9987949588824914
2006-09-04,11914.2099609375,11939.9599609375,11824.490234375,11824.490234375,10000.0,2,0.9989700466257199
2006-09-05,11904.599609375,11945.5302734375,11847.9296875,11927.419921875,12000.0,2,0.9989270225063847
2006-09-06,11933.2099609375,11983.48046875,11904.919921875,11908.5302734375,12400.0,2,0.9985458526006461
2006-09-07,11853.849609375,11921.2998046875,11815.4296875,11893.330078125,11800.0,2,0.9990841869709824
2006-09-08,11918.650390625,11940.580078125,11825.2197265625,11859.4404296875,16400.0,2,0.9979451409110651
2006-09-11,11550.6904296875,11971.599609375,11505.599609375,11959.5595703125,18600.0,1,0.999967899974998
2006-09-12,11660.7900390625,11671.6396484375,11445.1904296875,11564.9501953125,19400.0,2,0.9596267960096562
2006-09-13,11893.7900390625,11938.41015625,11723.7802734375,11723.7802734375,15400.0,2,0.9765618525042817
2006-09-14,11973.01953125,12002.9404296875,11892.240234375,11936.7998046875,14400.0,2,0.9985832279038204
2006-09-15,12009.58984375,12041.7001953125,11847.6103515625,11977.6904296875,12800.0,2,0.9949621664361915
2006-09-18,12071.2998046875,12114.9501953125,12006.1904296875,12006.1904296875,12400.0,2,0.9985323378844375
2006-09-19,11970.4697265625,12152.599609375,11915.2099609375,12103.4404296875,17200.0,2,0.9895979770563812
2006-09-20,12109.1396484375,12128.990234375,11833.6103515625,11946.3203125,13800.0,2,0.6991372671032362
2006-09-21,12274.26953125,12285.900390625,12167.91015625,12167.91015625,15000.0,2,0.9974725650483669
2006-09-22,12236.7802734375,12303.419921875,12170.2001953125,12244.41015625,13400.0,2,0.99886490063652
2006-09-25,12173.91015625,12273.4501953125,12145.08984375,12257.26953125,15200.0,2,0.9980935513232768
2006-09-26,12321.1904296875,12331.4501953125,12160.580078125,12206.7900390625,14200.0,2,0.9960247604267582
2006-09-27,12366.91015625,12442.8203125,12339.98046875,12359.009765625,12600.0,2,0.9984602573508651
2006-09-28,12380.740234375,12431.7900390625,12340.169921875,12388.66015625,13400.0,2,0.9987225002649447
2006-09-29,12454.419921875,12485.169921875,12381.2900390625,12414.66015625,12600.0,2,0.9988543261516422
2006-10-03,12366.3896484375,12489.2802734375,12343.7998046875,12473.7900390625,11600.0,2,0.998624826895809
2006-10-04,12204.009765625,12419.650390625,12178.830078125,12401.08984375,14400.0,2,0.9823518057437449
2006-10-05,12389.41015625,12415.9697265625,12299.2099609375,12299.2099609375,12200.0,2,0.9984470990307158
2006-10-06,12372.8095703125,12434.2197265625,12357.9599609375,12391.259765625,12000.0,2,0.9987115136521527
2006-10-09,12365.830078125,12429.740234375,12261.490234375,12335.8203125,10600.0,2,0.9989648361231721
2006-10-10,12363.76953125,12481.9296875,12341.33984375,12416.4296875,11400.0,2,0.9987789966773305
2006-10-11,12353.490234375,12514.1796875,12301.509765625,12446.7197265625,13800.0,2,0.9964917736850163
2006-10-12,12537.98046875,12558.7099609375,12315.01953125,12387.8896484375,13600.0,2,0.9700786151954514
2006-10-13,12736.419921875,12756.23046875,12632.6201171875,12632.6201171875,16600.0,2,0.9967617204491644
2006-10-16,12928.1796875,12953.759765625,12785.0302734375,12785.0302734375,18800.0,2,0.9913079372333914
2006-10-17,12883.830078125,12994.4501953125,12819.349609375,12981.5302734375,16000.0,2,0.9966553871865133
2006-10-18,12858.48046875,12920.58984375,12830.83984375,12886.330078125,16400.0,2,0.9977348495795664
2006-10-19,12723.58984375,12925.599609375,12654.98046875,12881.7998046875,15400.0,2,0.9774381520376832
2006-10-20,12709.400390625,12849.01953125,12679.849609375,12756.41015625,15800.0,2,0.9965405845744489
2006-10-23,12623.2802734375,12766.2998046875,12612.3603515625,12757.3095703125,7800.0,2,0.9989997321897633
2006-10-26,12698.41015625,12718.3095703125,12636.16015625,12636.16015625,13200.0,2,0.9983146082224743
2006-10-27,12906.8095703125,12921.23046875,12741.849609375,12741.849609375,15200.0,2,0.9908346865290173
2006-10-30,13024.259765625,13039.2998046875,12844.849609375,12925.4296875,13800.0,2,0.994016293717125
2006-10-31,12961.900390625,13075.849609375,12907.9404296875,13048.759765625,17200.0,2,0.9970474984205705
2006-11-01,13033.0400390625,13050.73046875,12937.2998046875,12992.6201171875,12800.0,2,0.9985793394536723
2006-11-02,13091.1201171875,13137.740234375,13014.650390625,13062.51953125,12000.0,2,0.9989560455387614
2006-11-03,13130.7900390625,13146.8603515625,13017.83984375,13119.33984375,12600.0,2,0.9977335069180918
2006-11-06,13186.8896484375,13206.8701171875,13113.3896484375,13155.1103515625,14600.0,2,0.9981799188136132
2006-11-07,13156.66015625,13300.6904296875,13135.2099609375,13208.7900390625,17200.0,2,0.9953488724185435
2006-11-08,13072.509765625,13202.6796875,12950.5703125,13176.080078125,16400.0,2,0.9807017250747191
2006-11-09,13137.490234375,13192.8896484375,13069.849609375,13107.7802734375,16800.0,2,0.9978658050021768
2006-11-10,13282.91015625,13303.849609375,13104.98046875,13187.509765625,16400.0,2,0.9923317734356705
2006-11-13,13399.0,13410.080078125,13287.2802734375,13295.240234375,12800.0,2,0.9979999975863107
2006-11-14,13425.5,13486.740234375,13380.76953125,13439.7099609375,22000.0,2,0.9960072370335482
2006-11-15,13469.3701171875,13506.080078125,13390.7900390625,13476.2802734375,14400.0,2,0.9981581331860598
2006-11-16,13505.8896484375,13588.009765625,13459.2802734375,13500.7001953125,68200.0,2,0.8688918298987542
2006-11-17,13429.48046875,13678.0400390625,13383.4296875,13678.0400390625,20800.0,2,0.7955865794299715
2006-11-20,13430.7099609375,13463.0595703125,13200.3603515625,13390.9501953125,15600.0,2,0.8784105533476898
2006-11-21,13616.76953125,13630.41015625,13434.580078125,13434.580078125,14200.0,2,0.9855720296422396
2006-11-22,13706.5302734375,13740.3896484375,13625.08984375,13625.08984375,15200.0,2,0.9973400280105348
2006-11-23,13680.830078125,13790.8203125,13643.4697265625,13667.1298828125,12200.0,2,0.9972403517569319
2006-11-24,13703.330078125,13767.849609375,13665.51953125,13669.8095703125,17800.0,2,0.9959287975175318
2006-11-27,13773.58984375,13799.01953125,13716.4599609375,13716.4599609375,12000.0,2,0.9983644585667448
2006-11-28,13601.9501953125,13691.1201171875,13577.3798828125,13690.669921875,16000.0,2,0.9972685283987358
2006-11-29,13616.73046875,13711.759765625,13586.0400390625,13649.2001953125,13600.0,2,0.9984215888369798
2006-11-30,13696.3095703125,13745.16015625,13630.6103515625,13630.900390625,10800.0,2,0.9985542232172653
2006-12-01,13844.7802734375,13857.8095703125,13725.7802734375,13729.669921875,12200.0,2,0.9977782526448712
2006-12-04,13874.330078125,13912.5400390625,13828.900390625,13846.7099609375,10000.0,2,0.9989588104743163
2006-12-05,13937.650390625,14028.4697265625,13905.650390625,14028.4697265625,12400.0,2,0.9983108170094025
2006-12-06,13949.0,14035.2998046875,13847.669921875,13951.08984375,11000.0,2,0.9986637019303659
2006-12-07,13972.0302734375,14002.7197265625,13915.740234375,13962.9404296875,9600.0,2,0.9990913100154097
2006-12-08,13799.490234375,14009.5595703125,13756.8603515625,14007.669921875,14800.0,2,0.9736633076062914
2006-12-11,13399.4296875,13801.98046875,13261.73046875,13783.0,27200.0,1,0.9999945246820434
2006-12-12,12995.01953125,13492.2099609375,12801.650390625,13413.6103515625,21200.0,1,0.9999918526175822
2006-12-13,13181.33984375,13223.0,12830.3798828125,13039.01953125,20800.0,1,0.9953443817747466
2006-12-14,13487.16015625,13524.76953125,13239.7900390625,13256.8095703125,14600.0,2,0.6674844513944477
2006-12-15,13614.51953125,13669.650390625,13545.599609375,13545.599609375,18800.0,2,0.9954696114605984
2006-12-18,13731.08984375,13744.169921875,13416.400390625,13695.599609375,14200.0,1,0.991076518026247
2006-12-19,13382.009765625,13748.6201171875,13237.3896484375,13737.3603515625,18600.0,1,0.9999910988666681
2006-12-20,13340.2099609375,13568.08984375,13232.5595703125,13452.6904296875,15400.0,2,0.880539215735611
2006-12-21,13384.8603515625,13441.3603515625,13182.349609375,13313.91015625,12000.0,2,0.9834179467083175
2006-12-22,13471.740234375,13493.8798828125,13362.1103515625,13398.1298828125,10800.0,2,0.9988063514754332
2006-12-26,13708.33984375,13726.6201171875,13490.76953125,13501.4404296875,8200.0,2,0.971135818998533
2006-12-27,13859.6904296875,13911.58984375,13734.009765625,13734.009765625,11400.0,2,0.9957203742675612
2006-12-28,13846.33984375,13960.3896484375,13819.76953125,13893.2900390625,11600.0,2,0.998630879707543
2006-12-29,13786.91015625,13929.099609375,13770.0595703125,13873.0302734375,8800.0,2,0.9988570626787571
2007-01-02,13942.240234375,13980.5400390625,13797.4404296875,13827.76953125,9600.0,2,0.997611570730634
2007-01-03,14014.919921875,14035.669921875,13897.419921875,13969.4501953125,11600.0,2,0.998467720211098
2007-01-04,13871.7099609375,14060.349609375,13850.3798828125,14029.0400390625,14600.0,2,0.9935012739382033
2007-01-05,13860.51953125,13971.8203125,13763.3896484375,13768.7900390625,13200.0,2,0.9849999553056826
2007-01-08,13652.150390625,13855.8896484375,13599.8701171875,13855.8896484375,11600.0,2,0.9801838001988192
2007-01-09,13566.330078125,13748.419921875,13493.3798828125,13650.9599609375,36600.0,2,0.9787802902354107
2007-01-10,13362.16015625,13569.5703125,13336.51953125,13569.5703125,12600.0,2,0.9863475746198063
2007-01-11,13630.7099609375,13667.7998046875,13303.2197265625,13331.3798828125,15600.0,1,0.9928240367612066
2007-01-12,14056.5302734375,14070.8798828125,13729.0703125,13729.0703125,14400.0,1,0.9897676292599665
2007-01-15,14129.6396484375,14202.1201171875,14103.1201171875,14110.4404296875,15400.0,2,0.9966410999580286
2007-01-16,14114.73046875,14211.150390625,14070.650390625,14146.0,9000.0,2,0.9992332748432523
2007-01-17,14131.33984375,14185.1201171875,14089.6298828125,14116.25,9000.0,2,0.9991474743187695
2007-01-18,14217.75,14325.919921875,14140.349609375,14165.76953125,13800.0,2,0.9947974704088037
2007-01-19,14182.7099609375,14300.1103515625,14067.51953125,14271.240234375,14400.0,2,0.9918117646145044
2007-01-22,14209.240234375,14259.0703125,14111.75,14217.7998046875,11200.0,2,0.9986695716086746
2007-01-23,14041.240234375,14212.1201171875,14025.740234375,14212.1201171875,14600.0,2,0.994242772219573
2007-01-24,14110.4599609375,14156.4599609375,14043.5400390625,14069.6103515625,18000.0,2,0.9970817017110511
2007-01-25,14282.7197265625,14307.1904296875,14115.400390625,14151.6201171875,15600.0,2,0.9930950607212388
2007-01-29,14211.9599609375,14316.5400390625,14185.919921875,14306.9697265625,12800.0,2,0.9982304368939627
2007-01-31,14090.919921875,14269.3095703125,14045.6103515625,14219.3798828125,25000.0,2,0.9868496177556859
2007-02-01,14267.1796875,14278.080078125,14109.91015625,14124.3603515625,14200.0,2,0.9947417719161201
2007-02-02,14403.76953125,14462.76953125,14293.1103515625,14293.1103515625,18400.0,2,0.9920583532104414
2007-02-05,14515.900390625,14526.509765625,14372.3603515625,14432.08984375,11600.0,2,0.9977716769388866
2007-02-06,14478.1904296875,14564.7998046875,14452.7802734375,14541.240234375,18600.0,2,0.9965332652128964
2007-02-07,14643.1298828125,14663.259765625,14478.4501953125,14493.5595703125,11400.0,2,0.9948045637222416
2007-02-08,14652.08984375,14697.6904296875,14523.16015625,14690.580078125,11600.0,2,0.994746069307003
2007-02-09,14538.900390625,14723.8798828125,14493.669921875,14684.349609375,12200.0,2,0.9945712830323818
2007-02-12,14190.7001953125,14529.2802734375,14146.2197265625,14529.2802734375,21200.0,1,0.9724676940767034
2007-02-13,14090.98046875,14363.740234375,13957.7001953125,14168.330078125,24400.0,1,0.8731996383913481
2007-02-14,14009.900390625,14036.6103515625,13805.3603515625,13990.41015625,22400.0,2,0.9154873892430849
2007-02-15,14355.5498046875,14372.9599609375,14107.08984375,14107.08984375,16200.0,2,0.7059310825089601
2007-02-19,14402.900390625,14479.1796875,14372.0703125,14406.8798828125,12600.0,2,0.9983399193317125
2007-02-20,14253.3798828125,14466.759765625,14230.4697265625,14449.23046875,13200.0,2,0.9870455019315805
2007-02-21,14188.490234375,14312.8798828125,14157.7197265625,14199.0703125,14600.0,2,0.9961665608615731
2007-02-22,14021.3095703125,14287.0302734375,13978.0498046875,14200.1103515625,16200.0,2,0.8845252308082485
2007-02-23,13632.5302734375,14071.26953125,13568.080078125,14071.26953125,18200.0,1,0.9999929846808722
2007-02-26,13649.51953125,13723.400390625,13383.8798828125,13684.9501953125,17400.0,1,0.9474875024560925
2007-02-27,13478.830078125,13703.41015625,13408.5595703125,13703.41015625,15400.0,2,0.8822447788390197
2007-02-28,12938.08984375,13298.51953125,12800.91015625,13045.1201171875,35800.0,1,0.9998385440123586
2007-03-01,13159.5498046875,13193.1298828125,12861.349609375,13013.740234375,24200.0,1,0.7578810615675484
2007-03-02,12886.1298828125,13254.0302734375,12836.75,13139.099609375,19600.0,1,0.9900846023582096
2007-03-05,12415.0400390625,12716.849609375,12344.4404296875,12716.849609375,27600.0,1,0.9517926722128964
2007-03-06,12697.08984375,12760.2197265625,12427.1298828125,12573.009765625,21600.0,1,0.5310408432756548
2007-03-07,12579.75,12902.1796875,12390.4599609375,12792.900390625,19800.0,1,0.9999219980156048
2007-03-08,13049.349609375,13099.830078125,12596.8603515625,12649.76953125,20800.0,1,0.9999934834710656
2007-03-09,12884.990234375,13145.7197265625,12788.16015625,13107.3701171875,25200.0,1,0.6553443145161184
2007-03-12,12902.6298828125,13056.8603515625,12844.990234375,12916.669921875,17200.0,2,0.990924442260109
2007-03-13,12982.98046875,13026.849609375,12817.6201171875,12924.5,15000.0,2,0.9943821174909394
2007-03-14,12529.6201171875,12694.3603515625,12504.099609375,12694.3603515625,19200.0,2,0.9908091995682283
2007-03-15,12543.849609375,12789.8095703125,12510.75,12655.9404296875,16200.0,2,0.9159848237306801
2007-03-16,12430.400390625,12638.7802734375,12316.099609375,12570.51953125,14800.0,2,0.9009883036884879
2007-03-19,12644.990234375,12655.0,12426.66015625,12484.6396484375,12000.0,2,0.9805164622922534
2007-03-20,12705.9404296875,12798.7998046875,12674.76953125,12746.9404296875,15600.0,2,0.9981684562419076
2007-03-21,12945.8798828125,12964.9404296875,12664.330078125,12735.91015625,16000.0,2,0.5442853011429266
2007-03-22,13308.0302734375,13326.240234375,13071.8095703125,13071.8095703125,19000.0,2,0.7810440976275405
2007-03-23,13285.9296875,13386.9501953125,13196.900390625,13343.5703125,16400.0,2,0.9968852971906059
2007-03-26,13124.3203125,13345.73046875,13090.7998046875,13345.73046875,12200.0,2,0.9744572438400624
2007-03-28,12884.33984375,13035.5595703125,12861.1796875,13034.26953125,13200.0,2,0.9967609238121338
2007-03-29,12979.66015625,13004.400390625,12832.6904296875,12862.5302734375,15600.0,2,0.9956764001668066
2007-03-30,13072.099609375,13111.8701171875,12984.1298828125,13018.2099609375,13600.0,2,0.9985169747300887
2007-04-02,12455.3701171875,12811.9296875,12425.51953125,12811.9296875,15800.0,1,0.9861100816265613
2007-04-03,12624.580078125,12657.75,12481.8603515625,12503.75,12200.0,2,0.99683641719351
2007-04-04,12786.76953125,12835.3603515625,12691.240234375,12691.240234375,18800.0,2,0.9949670657992952
2007-04-05,12856.080078125,12899.3095703125,12711.5,12791.599609375,15800.0,2,0.9964117132780926
2007-04-09,13177.740234375,13194.0,12904.849609375,12904.849609375,13800.0,1,0.6373689226648754
2007-04-10,13189.5400390625,13236.2001953125,13075.48046875,13236.2001953125,15400.0,2,0.9938229692830604
2007-04-11,13183.240234375,13294.900390625,13161.2099609375,13221.759765625,16000.0,2,0.9973973778144685
2007-04-12,13113.8095703125,13160.150390625,13030.8701171875,13127.8603515625,12200.0,2,0.9987218875515654
2007-04-13,13384.080078125,13421.0498046875,13119.8798828125,13163.01953125,18400.0,2,0.5272375485821845
2007-04-16,13695.580078125,13708.400390625,13479.490234375,13479.490234375,14200.0,2,0.9446320354650604
2007-04-17,13607.0400390625,13755.759765625,13581.0400390625,13733.1796875,14200.0,2,0.9970506131480134
2007-04-18,13672.1904296875,13762.919921875,13602.900390625,13602.900390625,14200.0,2,0.9946877595391744
2007-04-19,13619.7001953125,13658.1103515625,13423.6396484375,13538.7099609375,15800.0,2,0.9854358925139103
2007-04-20,13897.41015625,13915.6201171875,13684.9501953125,13684.9501953125,21200.0,2,0.9139582736069525
2007-04-23,13928.330078125,14046.51953125,13879.3896484375,13972.8095703125,42800.0,2,0.9925661031522273
2007-04-24,14136.7197265625,14197.3203125,13850.0703125,13893.7197265625,22000.0,1,0.9192725708611632
2007-04-25,14217.76953125,14238.2900390625,14052.169921875,14141.7001953125,18000.0,2,0.9931445583865641
2007-04-26,14228.8798828125,14383.7197265625,14127.1796875,14273.169921875,16800.0,2,0.9913670830223871
2007-04-27,13908.580078125,14219.25,13884.5302734375,14219.25,19800.0,1,0.7325894232510705
2007-04-30,13872.3701171875,13901.1201171875,13693.58984375,13823.400390625,15400.0,2,0.9902240561365107
2007-05-03,14078.2099609375,14107.0595703125,13987.76953125,13987.76953125,14200.0,2,0.9974951715912209
2007-05-04,13934.26953125,14189.2099609375,13912.919921875,14129.8896484375,13200.0,2,0.95761110494151
2007-05-07,13879.25,14067.0703125,13861.3798828125,14044.7099609375,11600.0,2,0.9954578231243322
2007-05-08,13765.4599609375,13956.400390625,13741.240234375,13886.0,12800.0,2,0.9947337130366861
2007-05-09,13781.509765625,13806.3701171875,13612.0400390625,13707.8603515625,12400.0,2,0.9957738520511201
2007-05-10,13771.23046875,13976.7900390625,13745.23046875,13823.3603515625,13600.0,2,0.9719468114677087
2007-05-11,13796.16015625,13864.1796875,13562.9501953125,13691.8603515625,16000.0,2,0.8994503103872368
2007-05-14,13965.8603515625,14026.01953125,13924.01953125,13954.41015625,11200.0,2,0.9988286088223305
2007-05-15,13929.330078125,14023.8603515625,13885.4599609375,13948.91015625,11200.0,2,0.9988899377829354
2007-05-16,14127.3095703125,14159.3603515625,13936.8798828125,13949.8095703125,19800.0,2,0.9653388451608181
2007-05-17,14299.7099609375,14352.98046875,14217.3603515625,14217.3603515625,17600.0,2,0.9955125960975424
2007-05-18,14303.41015625,14337.0595703125,14201.009765625,14261.4697265625,12400.0,2,0.9985776538354163
2007-05-21,14418.599609375,14451.2998046875,14384.6103515625,14414.830078125,30800.0,2,0.9850382085104131
2007-05-22,14453.7197265625,14483.58984375,14348.259765625,14458.48046875,17000.0,2,0.9960122061210852
2007-05-23,14363.259765625,14500.6396484375,14325.8896484375,14490.0302734375,18000.0,2,0.995155941287148
2007-05-24,14218.1103515625,14389.66015625,14174.0498046875,14344.7001953125,13600.0,2,0.9956939162450532
2007-05-25,14338.4501953125,14364.9501953125,14046.0595703125,14073.6103515625,14000.0,1,0.8050453676612869
2007-05-28,14397.8896484375,14527.4697265625,14368.400390625,14467.849609375,12000.0,2,0.9983710233595323
2007-05-29,14508.2099609375,14530.150390625,14372.0703125,14418.98046875,11000.0,2,0.9981599488101363
2007-05-30,14411.3798828125,14576.3701171875,14379.2099609375,14501.4599609375,15000.0,2,0.9959031567284363
2007-05-31,14544.4599609375,14573.8095703125,14448.5703125,14451.3095703125,12400.0,2,0.9979143721316898
2007-06-01,14570.75,14682.099609375,14539.8896484375,14610.2802734375,13800.0,2,0.9980291320085926
2007-06-04,14495.76953125,14683.3603515625,14465.6796875,14618.7802734375,15200.0,2,0.9935295980943967
2007-06-05,14535.009765625,14571.3095703125,14432.669921875,14514.2001953125,10800.0,2,0.9987845257453691
2007-06-06,14255.9296875,14590.8203125,14234.0703125,14551.5302734375,22800.0,1,0.8514033503582683
2007-06-07,14186.1796875,14362.580078125,14139.08984375,14195.83984375,17000.0,2,0.9748210867540915
2007-06-08,14063.8095703125,14229.2197265625,14010.6103515625,14063.9404296875,18600.0,2,0.9780594921158084
2007-06-11,14083.41015625,14268.91015625,14057.6298828125,14170.8095703125,12000.0,2,0.9947955492068594
2007-06-12,14130.9501953125,14153.4404296875,13946.990234375,14122.330078125,13600.0,2,0.9764137721960214
2007-06-13,14003.0302734375,14152.7900390625,13968.3798828125,14139.919921875,13000.0,2,0.9969360982425685
2007-06-14,14203.7197265625,14219.240234375,14087.91015625,14087.91015625,11800.0,2,0.997773063324222
2007-06-15,14162.7099609375,14326.5498046875,14112.5302734375,14277.6103515625,13000.0,2,0.9964866364654273
2007-06-18,14080.1396484375,14283.7099609375,14057.259765625,14241.759765625,9400.0,2,0.9952334211590284
2007-06-19,14295.5,14315.1796875,14058.7900390625,14088.580078125,9400.0,2,0.9413163767146364
2007-06-20,14411.9501953125,14449.3798828125,14347.580078125,14359.9599609375,11200.0,2,0.9986363598999677
2007-06-21,14499.240234375,14526.4404296875,14406.669921875,14415.5595703125,13800.0,2,0.9977632553756919
2007-06-22,14467.3603515625,14560.3203125,14441.759765625,14508.6298828125,18600.0,2,0.9966664527040067
2007-06-25,14487.7197265625,14521.6201171875,14424.7099609375,14469.4296875,16200.0,2,0.9975429903012879
2007-06-26,14501.080078125,14560.48046875,14478.75,14478.75,12400.0,2,0.9975466045712509
2007-06-27,14431.0595703125,14520.1904296875,14407.1201171875,14520.1904296875,10400.0,2,0.9986873103608455
2007-06-28,14504.5703125,14537.0400390625,14435.240234375,14498.0498046875,16000.0,2,0.997553729537641
2007-06-29,14650.509765625,14663.25,14574.4501953125,14589.51953125,10800.0,2,0.9985825850443528
2007-07-02,14664.259765625,14745.9697265625,14638.8798828125,14685.16015625,9200.0,2,0.9990287442617716
2007-07-03,14806.509765625,14828.3896484375,14720.0,14720.0,9200.0,2,0.9987359839010547
2007-07-04,14880.240234375,14906.9296875,14790.75,14868.1396484375,14800.0,2,0.9976360717493897
2007-07-05,14861.8896484375,14963.259765625,14731.2197265625,14932.5302734375,18800.0,2,0.9860826676013323
2007-07-06,14964.1201171875,15007.2197265625,14826.5595703125,14843.4296875,20000.0,2,0.991614853332482
2007-07-09,15045.73046875,15085.2197265625,15005.4697265625,15018.7099609375,14200.0,2,0.9973418092783048
2007-07-10,15009.8798828125,15114.9501953125,14966.400390625,15100.1298828125,12600.0,2,0.9981724314065045
2007-07-11,14910.6201171875,15015.349609375,14829.5498046875,14948.150390625,14600.0,2,0.9978891674310153
2007-07-12,15092.0400390625,15112.2197265625,14963.5302734375,14963.5302734375,19800.0,2,0.9927160883138788
2007-07-13,15272.7197265625,15330.73046875,15216.830078125,15216.830078125,24000.0,2,0.9914050916386592
2007-07-16,15311.2197265625,15341.3798828125,15239.41015625,15295.0302734375,20000.0,2,0.9957446502073949
2007-07-17,15289.8203125,15440.2001953125,15272.4599609375,15357.599609375,15800.0,2,0.9955430830776204
2007-07-18,15301.169921875,15325.7802734375,15160.26953125,15296.0595703125,13000.0,2,0.9948836191773578
2007-07-19,15550.1298828125,15593.3095703125,15357.3798828125,15357.3798828125,18600.0,2,0.9379955359006906
2007-07-20,15565.5498046875,15683.0302734375,15524.6796875,15625.6298828125,18000.0,2,0.9968112653181233
2007-07-23,15732.2001953125,15773.3701171875,15477.91015625,15560.5703125,13400.0,2,0.8586875466340839
2007-07-24,15794.919921875,15868.849609375,15742.3203125,15802.1904296875,22200.0,2,0.9955555813590314
2007-07-25,15699.330078125,15771.259765625,15572.98046875,15711.8701171875,25200.0,2,0.9923235509385544
2007-07-26,15776.3095703125,15812.26953125,15654.400390625,15768.2802734375,17000.0,2,0.9956798358178601
2007-07-27,15234.5703125,15495.509765625,15159.6796875,15487.759765625,30200.0,2,0.5012269921109733
2007-07-30,15260.91015625,15451.8095703125,15135.25,15278.0302734375,20400.0,2,0.9250952804267373
2007-07-31,15550.990234375,15568.849609375,15224.8203125,15358.6904296875,18200.0,1,0.8832548956898052
2007-08-01,14935.76953125,15344.01953125,14910.51953125,15344.01953125,22800.0,1,0.9995518573292207
2007-08-02,14985.7001953125,15134.5302734375,14896.4697265625,15022.8701171875,14400.0,2,0.9951379427904021
2007-08-03,15138.400390625,15235.509765625,15061.1298828125,15061.1298828125,11400.0,2,0.9943221452756267
2007-08-06,14903.0302734375,14928.7998046875,14705.580078125,14892.599609375,15600.0,2,0.9523896784010317
2007-08-07,14932.76953125,15142.0400390625,14901.830078125,15038.0302734375,14000.0,2,0.9874867671567954
2007-08-08,15307.98046875,15340.240234375,15088.0703125,15088.0703125,17200.0,2,0.8697843118606727
2007-08-09,15100.150390625,15542.400390625,15062.099609375,15452.4404296875,16400.0,1,0.99991612245147
2007-08-10,14868.25,14901.3095703125,14570.8896484375,14674.919921875,16400.0,1,0.6533166896160763
2007-08-13,15017.2099609375,15044.740234375,14869.150390625,14965.650390625,9400.0,2,0.9980315241617701
2007-08-14,15000.91015625,15069.6396484375,14964.66015625,15066.7099609375,9600.0,2,0.9988097929914013
2007-08-16,14358.2099609375,14584.919921875,14345.0302734375,14584.919921875,21800.0,2,0.9510143035872123
2007-08-17,14141.51953125,14318.5595703125,13779.8798828125,14309.3701171875,32400.0,1,0.9999712689494382
2007-08-20,14427.5498046875,14680.08984375,14406.91015625,14512.2802734375,12400.0,2,0.8674770999149292
2007-08-21,13989.1103515625,14534.509765625,13941.9296875,14512.1904296875,15800.0,1,0.9999904449093981
2007-08-22,14248.66015625,14281.48046875,13870.7001953125,14055.400390625,19400.0,1,0.9988495273276926
2007-08-23,14163.98046875,14554.9296875,14128.7197265625,14458.330078125,17800.0,1,0.9955129140986989
2007-08-24,14424.8701171875,14455.490234375,14163.6103515625,14237.259765625,10400.0,2,0.8475263092687366
2007-08-27,14842.3798828125,14858.9296875,14581.349609375,14581.349609375,11600.0,2,0.6279053274461892
2007-08-28,14919.1904296875,14952.0400390625,14751.6796875,14841.6103515625,14200.0,2,0.9950166722434621
2007-08-29,14993.0400390625,15029.5302734375,14592.1103515625,14651.490234375,17400.0,1,0.9999711104060385
2007-08-30,15121.740234375,15200.8095703125,15053.98046875,15168.6904296875,18400.0,2,0.9969142933609969
2007-08-31,15318.599609375,15350.91015625,15131.3603515625,15131.3603515625,14400.0,2,0.9725604859950514
2007-09-03,15422.0498046875,15427.16015625,15323.0498046875,15401.990234375,15000.0,2,0.9961368352075659
2007-09-04,15465.400390625,15521.48046875,15389.6201171875,15482.1298828125,13400.0,2,0.9982721055887167
2007-09-05,15446.150390625,15580.8603515625,15407.0,15535.349609375,16200.0,2,0.9969175912651197
2007-09-06,15616.3095703125,15637.740234375,15350.1796875,15383.1796875,11200.0,2,0.7302643022088894
2007-09-07,15590.419921875,15716.0595703125,15565.2197265625,15655.3701171875,14000.0,2,0.9976199004828368
2007-09-10,15596.830078125,15626.2802734375,15363.5302734375,15413.580078125,11200.0,2,0.949049996645348
2007-09-11,15542.76953125,15698.98046875,15506.099609375,15668.400390625,12000.0,2,0.9972216435843795
2007-09-12,15505.3603515625,15661.4404296875,15486.8095703125,15608.5,13200.0,2,0.9970597576900175
2007-09-13,15614.4404296875,15650.1396484375,15547.66015625,15547.66015625,13400.0,2,0.9973820223655421
2007-09-14,15603.7998046875,15824.650390625,15568.3603515625,15713.66015625,13400.0,2,0.9823842578125296
2007-09-17,15504.4296875,15726.0595703125,15467.4599609375,15664.740234375,9400.0,2,0.9906400010389904
2007-09-18,15669.1201171875,15691.8798828125,15468.7998046875,15547.0703125,12200.0,2,0.9899670521234705
2007-09-19,16322.75,16335.2998046875,15940.7900390625,15940.7900390625,22800.0,1,0.9998792162779587
2007-09-20,16347.9501953125,16415.880859375,16261.3603515625,16341.5498046875,21600.0,2,0.9961367210699018
2007-09-21,16564.23046875,16616.83984375,16308.08984375,16352.3203125,92400.0,0,0.9999963015414126
2007-09-24,16845.830078125,16869.640625,16599.66015625,16697.890625,21200.0,2,0.9119068478830353
2007-09-25,16899.5390625,16928.01953125,16676.98046875,16890.75,18800.0,2,0.8175804473223803
2007-09-26,16921.390625,17073.869140625,16887.0703125,16969.44921875,16400.0,2,0.9942089448823971
2007-09-27,17150.560546875,17188.400390625,17018.560546875,17059.609375,19000.0,2,0.9946488952185276
2007-09-28,17291.099609375,17361.470703125,17152.310546875,17152.310546875,22600.0,2,0.9724683141765875
2007-10-01,17328.619140625,17425.33984375,17144.580078125,17356.990234375,22200.0,2,0.9524902604909423
2007-10-03,17847.0390625,17953.0703125,17288.41015625,17467.41015625,32800.0,1,0.9999782361814152
2007-10-04,17777.140625,17890.490234375,17494.69921875,17799.630859375,20800.0,1,0.9590327614983102
2007-10-05,17773.359375,17979.1796875,17708.80078125,17831.6796875,20000.0,2,0.9684400698748047
2007-10-08,17491.390625,17982.58984375,17322.140625,17901.939453125,20400.0,1,0.9999940588249626
2007-10-09,18280.240234375,18327.419921875,17287.189453125,17402.240234375,25600.0,1,0.9883358609663709
2007-10-10,18658.25,18703.669921875,18436.990234375,18473.4296875,26000.0,2,0.9116104741762519
2007-10-11,18814.0703125,18832.650390625,18536.970703125,18696.619140625,35400.0,2,0.7736738528666445
2007-10-12,18419.0390625,18844.619140625,18336.0,18794.630859375,30000.0,1,0.9999246987914191
2007-10-15,19058.669921875,19095.75,18525.609375,18525.609375,22800.0,1,0.999987615481256
2007-10-16,19051.859375,19174.44921875,18777.75,19102.9296875,27400.0,1,0.9553078550391588
2007-10-17,18715.8203125,18841.2890625,17307.900390625,18037.900390625,36800.0,0,0.999779243706
2007-10-18,17998.390625,19198.66015625,17771.16015625,18827.4609375,41600.0,0,0.6071804872670621
2007-10-19,17559.98046875,18031.76953125,17226.1796875,18031.76953125,35400.0,1,0.9998754469187685
2007-10-22,17613.990234375,17704.830078125,17171.44921875,17259.650390625,78400.0,0,0.99999008671106
2007-10-23,18492.83984375,18542.41015625,17910.30078125,17910.30078125,21600.0,1,0.999976091978256
2007-10-24,18512.91015625,18832.490234375,18317.169921875,18727.900390625,25200.0,1,0.9994545306423054
2007-10-25,18770.890625,18900.099609375,18459.509765625,18519.23046875,23200.0,1,0.9992278925462083
2007-10-26,19243.169921875,19276.44921875,18629.529296875,18823.66015625,23200.0,1,0.9999863800672589
2007-10-29,19977.669921875,20024.869140625,19621.390625,19621.390625,20600.0,1,0.9996766204183081
2007-10-30,19783.509765625,20238.16015625,19694.849609375,20103.439453125,20600.0,1,0.9999837055913237
2007-10-31,19837.990234375,19984.130859375,19735.2109375,19827.400390625,31000.0,2,0.9863007680635528
2007-11-01,19724.349609375,20204.2109375,19634.470703125,20130.23046875,26000.0,1,0.999994475895737
2007-11-02,19976.23046875,20025.630859375,19255.76953125,19364.609375,19200.0,1,0.9999223711545075
2007-11-05,19590.779296875,20009.349609375,19502.44921875,20009.349609375,19000.0,1,0.9999792411038285
2007-11-06,19400.669921875,19919.33984375,19337.849609375,19689.7890625,18000.0,1,0.9999909143960657
2007-11-07,19289.830078125,19678.5,19249.470703125,19552.529296875,13600.0,1,0.9851622849627725
2007-11-08,19058.9296875,19209.91015625,18917.400390625,19110.400390625,16400.0,2,0.9834907382471975
2007-11-12,18737.26953125,18815.109375,18333.2109375,18640.51953125,22800.0,1,0.9999706516870499
2007-11-13,19035.48046875,19210.48046875,18636.2109375,18681.099609375,23200.0,1,0.9999900534129186
2007-11-14,19929.060546875,19987.7109375,19336.9609375,19336.9609375,20800.0,1,0.999971399583697
2007-11-15,19784.890625,19967.080078125,19723.19921875,19947.720703125,19200.0,2,0.9835765876959529
2007-11-16,19698.359375,19838.029296875,19472.509765625,19603.08984375,19000.0,2,0.6723896600252067
2007-11-19,19633.359375,19971.439453125,19583.970703125,19895.490234375,12600.0,1,0.7461807916985951
2007-11-20,19280.80078125,19714.220703125,19196.419921875,19510.939453125,14400.0,1,0.9999483750438695
2007-11-21,18602.619140625,19218.880859375,18515.30078125,19197.5703125,16600.0,1,0.9999868067162416
2007-11-22,18526.3203125,18744.55078125,18182.830078125,18724.109375,19800.0,1,0.9999896451072576
2007-11-23,18852.869140625,18910.4609375,18548.060546875,18737.220703125,14000.0,1,0.7402188157121011
2007-11-26,19247.5390625,19360.23046875,19137.66015625,19171.25,11400.0,2,0.990045751543528
2007-11-27,19127.73046875,19211.580078125,19019.330078125,19128.859375,8800.0,2,0.9983468474294213
2007-11-28,18938.869140625,19316.759765625,18884.19921875,19316.759765625,11000.0,1,0.9958541400751529
2007-11-29,19003.259765625,19297.009765625,18930.310546875,19290.669921875,13400.0,1,0.6673251732547699
2007-11-30,19363.189453125,19424.990234375,19006.890625,19136.119140625,13800.0,1,0.9933698874933841
2007-12-03,19603.41015625,19619.439453125,19446.6796875,19547.08984375,12800.0,2,0.9939549721816088
2007-12-04,19529.5,19707.859375,19482.33984375,19707.58984375,14400.0,2,0.9878686083514949
2007-12-05,19738.0703125,19790.919921875,19560.6796875,19628.849609375,14600.0,2,0.9899212993738237
2007-12-06,19795.869140625,20064.310546875,19716.5703125,20018.169921875,14800.0,2,0.7830249135378458
2007-12-07,19966.0,20094.560546875,19706.4296875,20063.5,14800.0,1,0.9763423276750443
2007-12-10,19930.6796875,20095.689453125,19834.009765625,20074.919921875,10200.0,2,0.9881127112240804
2007-12-11,20290.890625,20333.060546875,20019.33984375,20049.349609375,11600.0,2,0.5082471791143164
2007-12-12,20375.869140625,20419.109375,20045.419921875,20197.439453125,14800.0,1,0.8897743999324825
2007-12-13,20104.390625,20498.109375,20065.630859375,20498.109375,17000.0,1,0.9973298839328125
2007-12-14,20030.830078125,20171.5703125,19936.490234375,20108.08984375,14800.0,2,0.9946302994193356
2007-12-17,19261.349609375,20032.669921875,19177.189453125,20032.669921875,15400.0,1,0.999934661699126
2007-12-18,19079.640625,19375.0703125,19009.349609375,19339.140625,15200.0,1,0.513444152591673
2007-12-19,19091.9609375,19397.759765625,18886.400390625,19255.390625,12600.0,1,0.9986844265369071
2007-12-20,19162.5703125,19291.140625,19097.69921875,19210.220703125,11400.0,2,0.9976250624842984
2007-12-24,19854.119140625,19879.0,19308.19921875,19308.19921875,12200.0,1,0.9999714494285596
2007-12-26,20192.51953125,20211.470703125,19896.609375,19940.9609375,12000.0,1,0.5867989795826943
2007-12-27,20216.720703125,20323.759765625,20159.73046875,20301.05078125,13200.0,2,0.9963457011237167
2007-12-28,20206.94921875,20259.44921875,20022.880859375,20158.119140625,10600.0,2,0.9916298621822515
2007-12-31,20286.990234375,20484.279296875,20239.630859375,20323.279296875,10400.0,2,0.9796460568948334
2008-01-02,20465.30078125,20529.48046875,20077.400390625,20393.099609375,20600.0,1,0.9998821798111222
2008-01-03,20345.19921875,20519.69921875,20293.869140625,20383.029296875,20600.0,2,0.9834181878714129
2008-01-04,20686.890625,20762.80078125,20367.939453125,20367.939453125,18600.0,1,0.9985802229491376
2008-01-07,20812.650390625,20861.830078125,20438.189453125,20637.2109375,17600.0,1,0.9958383699213887
2008-01-08,20873.330078125,21077.529296875,20696.599609375,20970.0703125,22800.0,2,0.7415809969899606
2008-01-09,20869.779296875,21113.130859375,20701.490234375,20903.0,22200.0,1,0.5966433386913235
2008-01-10,20582.080078125,21206.76953125,20530.0703125,20930.279296875,21200.0,1,0.999978246870552
2008-01-11,20827.44921875,20894.7890625,20505.810546875,20702.939453125,18200.0,1,0.8921346460668951
2008-01-14,20728.05078125,20959.220703125,20661.900390625,20918.23046875,16800.0,2,0.9551124508052634
2008-01-15,20251.08984375,20872.9296875,20203.630859375,20836.470703125,19400.0,1,0.9999906976553227
2008-01-16,19868.109375,20079.890625,19513.25,20079.890625,24600.0,1,0.9999856345702037
2008-01-17,19700.8203125,20026.119140625,19643.759765625,19972.75,20200.0,1,0.739814743704337
2008-01-18,19013.69921875,19715.779296875,18930.419921875,19579.609375,28000.0,1,0.9999759290525979
2008-01-21,17605.349609375,18919.5703125,16951.5,18919.5703125,35800.0,0,0.9999997874654863
2008-01-22,16729.939453125,17068.5703125,15332.419921875,16884.08984375,30600.0,0,0.999999999940544
2008-01-23,17594.0703125,17997.109375,16951.029296875,17520.01953125,22000.0,1,0.9997553430455113
2008-01-24,17221.740234375,18185.099609375,17070.05078125,17920.98046875,22800.0,1,0.998856613799484
2008-01-25,18361.66015625,18406.25,17504.0,17504.0,15200.0,1,0.9961765675046168
2008-01-28,18152.779296875,18213.2109375,17443.2890625,18011.890625,12400.0,1,0.999181789365099
2008-01-29,18091.939453125,18491.060546875,17927.919921875,18346.490234375,14800.0,1,0.9999861902539552
2008-01-30,17758.640625,18129.1796875,17683.509765625,18120.220703125,13400.0,1,0.9978251133347594
2008-01-31,17648.7109375,18008.7109375,17417.630859375,17810.130859375,16800.0,1,0.9999938468659941
2008-02-01,18242.580078125,18312.400390625,17534.9609375,17820.669921875,14800.0,1,0.9999100161064655
2008-02-04,18660.3203125,18895.33984375,18447.25,18496.029296875,17400.0,1,0.9998848585932003
2008-02-05,18663.16015625,18729.830078125,18509.5390625,18592.580078125,19000.0,2,0.9926729716331446
2008-02-06,18139.490234375,18274.150390625,17936.009765625,18247.029296875,16400.0,1,0.5235695530590452
2008-02-07,17526.9296875,18198.6796875,17492.279296875,18198.6796875,17400.0,1,0.9999828170829698
2008-02-08,17464.890625,17688.73046875,17203.060546875,17610.0703125,19200.0,1,0.9995738915083727
2008-02-11,16630.91015625,17427.33984375,16457.740234375,17427.33984375,20000.0,1,0.9998388985453573
2008-02-12,16608.009765625,16966.720703125,16565.48046875,16812.630859375,14400.0,1,0.9556654484441013
2008-02-13,16949.140625,17141.060546875,16725.6796875,16816.939453125,14200.0,1,0.9828167304027249
2008-02-14,17766.630859375,17836.640625,17265.189453125,17265.189453125,14400.0,1,0.9999775884936464
2008-02-15,18115.25,18142.919921875,17445.05078125,17541.169921875,17400.0,1,0.9999564215207022
2008-02-18,18048.05078125,18256.8203125,17900.9609375,18228.2109375,11800.0,2,0.6465098804076292
2008-02-19,18075.66015625,18314.099609375,18018.48046875,18215.259765625,12800.0,2,0.9697751480875751
2008-02-20,17617.599609375,17991.2890625,17505.560546875,17991.2890625,12800.0,1,0.9998973389643665
2008-02-21,17734.6796875,17887.2109375,17482.310546875,17825.220703125,15800.0,1,0.9650552972187362
2008-02-22,17349.0703125,17526.80078125,17347.259765625,17503.0390625,9800.0,2,0.9965104588615133
2008-02-25,17650.5703125,17674.060546875,17137.990234375,17523.810546875,13200.0,1,0.999967690693061
2008-02-26,17806.189453125,17860.099609375,17678.740234375,17799.560546875,11000.0,2,0.9975079512152972
2008-02-27,17825.990234375,18137.279296875,17770.650390625,17983.419921875,13000.0,1,0.5728329918056168
2008-02-28,17824.48046875,17921.509765625,17690.16015625,17810.51953125,18200.0,2,0.9942845577658829
2008-02-29,17578.720703125,17779.5390625,17258.19921875,17779.5390625,23000.0,1,0.9999903419281567
2008-03-03,16677.880859375,17227.560546875,16634.630859375,17227.560546875,21800.0,1,0.9999934710631999
2008-03-04,16339.8896484375,16754.060546875,16164.5703125,16742.19921875,20600.0,1,0.9999944957354872
2008-03-05,16542.080078125,16595.640625,16253.01953125,16328.91015625,21600.0,1,0.7345444289680636
2008-03-07,15975.51953125,16211.9599609375,15689.919921875,16211.9599609375,24400.0,1,0.9999919807612625
2008-03-10,15923.7197265625,15998.330078125,15362.169921875,15684.240234375,21800.0,1,0.9999871147766519
2008-03-11,16123.150390625,16168.1298828125,15739.0400390625,15778.26953125,22400.0,1,0.9999373936081749
2008-03-12,16127.98046875,16683.369140625,16064.08984375,16541.140625,23000.0,1,0.9999929050305705
2008-03-13,15357.349609375,15873.2802734375,15228.990234375,15873.2802734375,21200.0,1,0.9999923230620008
2008-03-14,15760.51953125,15798.419921875,15331.349609375,15467.3896484375,23800.0,1,0.9999850712905402
2008-03-17,14809.490234375,15326.9296875,14739.7197265625,15326.9296875,22600.0,1,0.999993942373361
2008-03-18,14833.4599609375,15164.73046875,14677.240234375,14725.6796875,47600.0,1,0.9983370457715212
2008-03-19,14994.830078125,15465.8095703125,14930.080078125,15325.7900390625,28200.0,1,0.9999919458648228
2008-03-24,15289.400390625,15351.3095703125,15056.08984375,15093.76953125,20200.0,2,0.7347612784152621
2008-03-25,16217.490234375,16262.3798828125,15612.6103515625,15612.6103515625,29400.0,1,0.9999621316660262
2008-03-26,16086.830078125,16309.8798828125,16009.8701171875,16270.1201171875,24600.0,2,0.921683705829913
2008-03-27,16015.5595703125,16111.4404296875,15869.08984375,15950.2900390625,24200.0,2,0.9868897498289829
2008-03-28,16371.2900390625,16452.080078125,15884.4501953125,16100.259765625,23800.0,1,0.9999942328538063
2008-03-31,15644.4404296875,16226.66015625,15563.150390625,16226.66015625,23200.0,1,0.9999909398742859
2008-04-01,15626.6201171875,15834.0498046875,15297.9599609375,15771.7197265625,15300.0,1,0.9999903058468438
2008-04-02,15750.400390625,16236.7001953125,15719.4697265625,16023.2998046875,16800.0,1,0.9999894373863666
2008-04-03,15832.5498046875,16002.73046875,15699.2099609375,15805.6298828125,15600.0,2,0.9464904509041504
2008-04-04,15343.1201171875,15896.08984375,15303.0400390625,15896.08984375,19000.0,1,0.9999925480388894
2008-04-07,15757.080078125,15851.8798828125,15321.5595703125,15390.150390625,19800.0,1,0.9999934039628833
2008-04-08,15587.6201171875,15770.400390625,15479.419921875,15770.16015625,18400.0,2,0.8944774188937046
2008-04-09,15790.509765625,15829.58984375,15464.7197265625,15512.7001953125,16400.0,1,0.9795129565851262
2008-04-10,15695.099609375,15953.5400390625,15655.2001953125,15754.8701171875,22000.0,2,0.5617701745692715
2008-04-11,15807.6396484375,15957.240234375,15673.669921875,15840.5595703125,19600.0,2,0.982762501415135
2008-04-15,16153.66015625,16249.4599609375,15573.0302734375,15694.41015625,22400.0,1,0.9999823448624612
2008-04-16,16244.1904296875,16413.80078125,16198.5595703125,16288.759765625,22000.0,2,0.9868607982614057
2008-04-17,16481.19921875,16570.5703125,16397.169921875,16456.0390625,17800.0,2,0.996449677809539
2008-04-21,16739.330078125,16778.58984375,16611.41015625,16611.41015625,20200.0,2,0.9900140786686442
2008-04-22,16783.869140625,16853.9609375,16597.529296875,16686.55078125,21400.0,2,0.9798740568365593
2008-04-23,16698.0390625,16871.26953125,16589.44921875,16823.990234375,17000.0,2,0.976960858946104
2008-04-24,16721.080078125,16844.01953125,16668.599609375,16796.259765625,19000.0,2,0.9960845984010435
2008-04-25,17125.98046875,17150.919921875,16781.970703125,16781.970703125,21600.0,1,0.9978120371233796
2008-04-28,17015.9609375,17271.560546875,16978.890625,17251.560546875,19200.0,2,0.8960202033371567
2008-04-29,17378.4609375,17424.939453125,17011.599609375,17050.869140625,27600.0,1,0.9994731513209211
2008-04-30,17287.310546875,17480.740234375,17241.880859375,17479.009765625,26200.0,2,0.9686015076551258
2008-05-02,17600.119140625,17621.240234375,17445.9296875,17560.150390625,24600.0,2,0.9876593754160782
2008-05-05,17490.900390625,17735.69921875,17457.26953125,17687.0,20200.0,2,0.9498331679579407
2008-05-06,17373.009765625,17502.150390625,17237.6796875,17441.41015625,23200.0,2,0.9820413384381029
2008-05-07,17339.310546875,17413.810546875,17229.98046875,17404.150390625,21200.0,2,0.9893142819802156
2008-05-08,17080.650390625,17212.609375,17038.029296875,17212.609375,18200.0,2,0.9935113033577716
2008-05-09,16737.0703125,17125.94921875,16678.939453125,17020.7890625,18600.0,1,0.9955989866216356
2008-05-12,16860.900390625,16897.359375,16546.55078125,16641.44921875,18000.0,1,0.8502413368032091
2008-05-13,16752.859375,17085.630859375,16697.470703125,17008.029296875,17000.0,1,0.826311599254215
2008-05-14,16978.349609375,17014.939453125,16626.349609375,16691.30078125,19000.0,1,0.9948983292354984
2008-05-15,17353.5390625,17366.189453125,17079.939453125,17084.890625,25000.0,1,0.5653440781377944
2008-05-16,17434.939453125,17497.359375,17315.51953125,17476.41015625,17000.0,2,0.9928680750739515
2008-05-20,17230.1796875,17367.130859375,17136.259765625,17366.05078125,16600.0,2,0.985313804709277
2008-05-21,17243.16015625,17293.33984375,17041.630859375,17065.609375,19600.0,2,0.9418591732122948
2008-05-22,16907.109375,17104.58984375,16863.380859375,17104.58984375,16800.0,2,0.9790325429356196
2008-05-23,16649.640625,17054.33984375,16626.109375,16958.80078125,17600.0,1,0.9957393952861741
2008-05-26,16348.5,16498.240234375,16300.8798828125,16468.3203125,15800.0,2,0.9956236764836597
2008-05-27,16275.58984375,16506.349609375,16237.919921875,16454.75,16200.0,2,0.9736789079028719
2008-05-28,16525.369140625,16563.30078125,16217.7802734375,16358.6201171875,21600.0,1,0.7505032691594334
2008-05-29,16316.259765625,16666.029296875,16196.01953125,16666.029296875,20000.0,1,0.9997674364016772
2008-05-30,16415.5703125,16540.490234375,16314.990234375,16454.029296875,18400.0,2,0.9951377063630686
2008-06-02,16063.1796875,16632.720703125,15991.2099609375,16591.4609375,17600.0,1,0.9999911226942636
2008-06-03,15962.5595703125,15985.400390625,15709.509765625,15851.7197265625,20200.0,2,0.8637983666236456
2008-06-04,15514.7900390625,15992.900390625,15442.33984375,15992.900390625,23800.0,1,0.9999948718549202
2008-06-05,15769.7197265625,15814.7998046875,15314.01953125,15479.650390625,28600.0,1,0.9999930859792194
2008-06-06,15572.1796875,15970.7001953125,15526.5,15914.41015625,19600.0,1,0.9983693576976156
2008-06-09,15066.099609375,15202.740234375,14846.1796875,15115.9697265625,24400.0,1,0.5277449496174625
2008-06-10,14889.25,15088.0302734375,14645.3095703125,14979.9599609375,26400.0,1,0.9871808806192436
2008-06-11,15185.3203125,15225.8095703125,15009.48046875,15018.6796875,34600.0,2,0.9642406097499084
2008-06-12,15250.2001953125,15270.849609375,14748.0703125,14957.5302734375,25000.0,1,0.9999931712602178
2008-06-13,15189.6201171875,15337.099609375,15135.8095703125,15327.099609375,20200.0,2,0.9914999499139348
2008-06-16,15395.8203125,15553.3701171875,15340.33984375,15400.5703125,15200.0,2,0.989699754993569
2008-06-17,15696.900390625,15732.75,15358.75,15388.3603515625,18200.0,1,0.9954050329791707
2008-06-18,15422.3095703125,15789.6201171875,15390.2197265625,15744.2099609375,22000.0,1,0.9783303412917478
2008-06-19,15087.990234375,15259.3603515625,15051.66015625,15250.4697265625,18600.0,2,0.9902671864944852
2008-06-20,14571.2900390625,15194.73046875,14520.8798828125,15194.73046875,26000.0,1,0.9999882833079646
2008-06-23,14293.3203125,14509.6904296875,14163.4501953125,14423.0498046875,24600.0,2,0.7766673073223482
2008-06-24,14106.580078125,14432.900390625,13991.3095703125,14290.16015625,24800.0,1,0.9830747317918319
2008-06-25,14220.0703125,14247.16015625,13736.009765625,13776.2099609375,23000.0,1,0.9999929690845953
2008-06-26,14421.8203125,14449.8095703125,14196.6796875,14300.7197265625,21800.0,2,0.9498235488701788
2008-06-27,13802.2197265625,14127.759765625,13760.7802734375,14127.759765625,32200.0,1,0.9419508271069783
2008-06-30,13461.599609375,13872.0595703125,13405.5400390625,13791.01953125,22400.0,1,0.9997331993654035
2008-07-01,12961.6796875,13613.009765625,12904.08984375,13480.01953125,27600.0,1,0.9999842625899716
2008-07-02,13664.6201171875,13711.009765625,12822.75,12948.0498046875,32000.0,1,0.9992937743234681
2008-07-03,13094.1103515625,13458.2998046875,12934.919921875,13458.2998046875,29200.0,1,0.9999927891912065
2008-07-04,13454.0,13508.3798828125,13031.4296875,13097.009765625,31400.0,1,0.999991204929277
2008-07-07,13525.990234375,13793.3896484375,13476.2900390625,13561.919921875,21200.0,1,0.8162923654172269
2008-07-08,13349.650390625,13451.669921875,13049.9599609375,13226.0400390625,25400.0,1,0.960718951972867
2008-07-09,13964.259765625,13998.48046875,13581.41015625,13581.41015625,27600.0,1,0.9999779037702906
2008-07-10,13926.240234375,14046.58984375,13763.9404296875,13851.58984375,26400.0,2,0.9476771412540781
2008-07-11,13469.849609375,14063.4501953125,13351.33984375,14063.4501953125,29000.0,1,0.9999844582470645
2008-07-14,13330.509765625,13557.2099609375,13270.400390625,13333.0302734375,23600.0,2,0.5313780953215745
2008-07-15,12676.1904296875,13067.080078125,12607.6201171875,13067.080078125,30000.0,1,0.9999078545779901
2008-07-16,12575.7998046875,12935.25,12514.990234375,12759.759765625,31200.0,1,0.9938783326730177
2008-07-17,13111.849609375,13150.349609375,12843.7900390625,12909.5703125,33600.0,2,0.5365159620073969
2008-07-18,13635.400390625,13684.26953125,13093.33984375,13234.5302734375,36600.0,1,0.9999701283099738
2008-07-21,13850.0400390625,13878.8798828125,13581.1904296875,13782.1298828125,32400.0,1,0.5402261577850429
2008-07-22,14104.2001953125,14206.1298828125,13798.1796875,13837.6396484375,35600.0,1,0.9978018667135442
2008-07-23,14942.2802734375,14979.900390625,14568.2197265625,14568.2197265625,39000.0,1,0.9998492349966839
2008-07-24,14777.009765625,15130.08984375,14608.0498046875,15082.3701171875,31200.0,1,0.9999750913141128
2008-07-25,14274.9404296875,14484.3896484375,14210.6298828125,14451.9501953125,27800.0,2,0.9457320380811319
2008-07-28,14349.1103515625,14421.6103515625,14219.3798828125,14267.0302734375,21800.0,2,0.9919534317824165
2008-07-29,13791.5400390625,14153.1201171875,13727.1396484375,14085.5302734375,23600.0,1,0.9921063950088777
2008-07-30,14287.2099609375,14322.669921875,14002.1904296875,14007.3203125,26000.0,1,0.9109410854417594
2008-07-31,14355.75,14369.419921875,14161.759765625,14359.48046875,27800.0,2,0.8430533341154973
2008-08-01,14656.6904296875,14682.330078125,14032.8701171875,14064.259765625,40200.0,1,0.9998231702256546
2008-08-04,14577.8701171875,14725.9404296875,14503.509765625,14594.6396484375,24800.0,2,0.9886159344039723
2008-08-05,14961.0703125,14986.6298828125,14529.2099609375,14562.6796875,35600.0,1,0.9999809927565964
2008-08-06,15073.5400390625,15422.8203125,15035.599609375,15263.650390625,32600.0,1,0.9515222293521265
2008-08-07,15117.25,15280.0595703125,14992.9697265625,15031.8603515625,25800.0,2,0.7583227275050908
2008-08-08,15167.8203125,15228.8203125,14888.1201171875,15036.5703125,21000.0,1,0.5387302460309489
2008-08-11,15503.919921875,15520.7099609375,15367.9697265625,15430.3095703125,26200.0,2,0.9921415946644739
2008-08-12,15212.1298828125,15579.7802734375,15124.91015625,15577.2001953125,27000.0,1,0.9995460416542763
2008-08-13,15093.1201171875,15272.5595703125,15013.0595703125,15030.2099609375,19200.0,2,0.7499506511355868
2008-08-14,14724.1796875,15033.2802734375,14686.66015625,15017.6796875,22000.0,1,0.7287836809515565
2008-08-18,14645.66015625,14824.919921875,14600.650390625,14681.1396484375,19600.0,2,0.9809458550340717
2008-08-19,14543.73046875,14604.1103515625,14368.7197265625,14517.759765625,17600.0,2,0.9872760077188502
2008-08-20,14678.23046875,14746.2001953125,14584.0302734375,14610.5703125,18400.0,2,0.9956769114514439
2008-08-21,14243.73046875,14646.98046875,14201.1796875,14646.98046875,19400.0,1,0.9997528085319718
2008-08-22,14401.490234375,14428.51953125,14136.8603515625,14153.3896484375,20400.0,1,0.5417919266941817
2008-08-25,14450.349609375,14672.6904296875,14416.2001953125,14643.3701171875,17000.0,2,0.9735831645341357
2008-08-26,14482.2197265625,14495.26953125,14286.3798828125,14338.26953125,18800.0,2,0.9837426579995028
2008-08-27,14296.7900390625,14563.099609375,14261.6904296875,14563.099609375,15600.0,2,0.7958977638381665
2008-08-28,14048.33984375,14347.1904296875,14002.4296875,14289.9697265625,18800.0,1,0.5009597413301652
2008-08-29,14564.5302734375,14586.16015625,14279.01953125,14279.01953125,32400.0,1,0.8478354401724566
2008-09-01,14498.509765625,14547.41015625,14281.099609375,14412.990234375,14800.0,2,0.9677292105218047
2008-09-02,15049.8603515625,15106.150390625,14543.2099609375,14609.4404296875,25700.0,1,0.9999912169192889
2008-09-04,14899.099609375,14994.150390625,14766.009765625,14895.849609375,19800.0,2,0.9936649725654952
2008-09-05,14483.830078125,14601.3896484375,14438.58984375,14569.009765625,23200.0,2,0.99479869479492
2008-09-08,14944.9697265625,15107.009765625,14917.0595703125,15038.0595703125,23400.0,2,0.9916884233066999
2008-09-09,14900.759765625,14998.3203125,14714.919921875,14814.330078125,19800.0,2,0.962529445843945
2008-09-10,14662.6103515625,14866.3203125,14609.830078125,14717.5302734375,22800.0,2,0.9582194565654374
2008-09-11,14324.2900390625,14557.330078125,14265.3798828125,14557.330078125,22800.0,2,0.8364483300829388
2008-09-12,14000.8095703125,14433.2001953125,13933.8701171875,14433.2001953125,26800.0,1,0.9999915095218983
2008-09-15,13531.26953125,13592.0498046875,13150.8095703125,13592.0498046875,24000.0,1,0.9999816823310422
2008-09-16,13518.7998046875,13556.0302734375,13051.73046875,13051.73046875,33600.0,1,0.99998309937731
2008-09-17,13262.900390625,13620.740234375,13127.9599609375,13620.740234375,30400.0,1,0.9999785707392446
2008-09-18,13315.599609375,13346.7900390625,12558.1396484375,12712.8203125,48000.0,1,0.9954879014162968
2008-09-19,14042.3203125,14097.4404296875,13674.9599609375,13763.830078125,47400.0,1,0.9955025969424658
2008-09-22,13994.9599609375,14215.330078125,13917.48046875,14215.330078125,35800.0,2,0.7900357950529049
2008-09-23,13570.3095703125,13978.259765625,13543.4697265625,13721.419921875,29600.0,1,0.9999481647058055
2008-09-24,13692.51953125,13840.8095703125,13592.7900390625,13636.7099609375,40200.0,2,0.9450027783149917
2008-09-25,13547.1796875,13716.8798828125,13430.6796875,13716.8798828125,36600.0,2,0.8334109910999667
2008-09-26,13102.1796875,13486.2001953125,13054.419921875,13486.2001953125,29000.0,1,0.9994191531684468
2008-09-29,12595.75,13109.9599609375,12402.83984375,13109.9599609375,37000.0,1,0.9999538155270326
2008-09-30,12860.4296875,12995.2001953125,12153.5498046875,12178.1796875,38400.0,1,0.9987672302857251
2008-10-01,13055.669921875,13203.8603515625,12697.2998046875,13006.7197265625,32400.0,1,0.9999639142491313
2008-10-03,12526.3203125,13001.1904296875,12472.6103515625,12851.4697265625,37200.0,1,0.9999752011573425
2008-10-06,11801.7001953125,12284.490234375,11732.9697265625,12284.490234375,33000.0,1,0.9999888220638278
2008-10-07,11695.240234375,12181.080078125,11501.849609375,12068.1103515625,40400.0,1,0.9999507187431869
2008-10-08,11328.3603515625,11405.73046875,10740.759765625,11316.240234375,66200.0,0,0.988842789978666
2008-10-10,10527.849609375,10904.1298828125,10239.759765625,10632.26953125,62400.0,1,0.7921031297362202
2008-10-13,11309.08984375,11361.3203125,10817.6796875,10817.6796875,43800.0,1,0.9998127362475071
2008-10-14,11483.400390625,11870.2197265625,11410.490234375,11781.4296875,36000.0,1,0.999392831503635
2008-10-15,10809.1201171875,11257.150390625,10760.330078125,11245.26953125,34800.0,1,0.9999861271846249
2008-10-16,10581.490234375,10787.2001953125,10017.7998046875,10221.5302734375,51600.0,1,0.9956659220626894
2008-10-17,9975.349609375,10786.9296875,9911.3203125,10763.33984375,47400.0,1,0.9971609238796795
2008-10-20,10223.08984375,10538.0498046875,10023.2802734375,10160.4697265625,35400.0,1,0.9999808857826802
2008-10-21,10683.3896484375,10750.2001953125,10250.23046875,10428.1103515625,45800.0,1,0.9998292688412245
2008-10-22,10169.900390625,10484.849609375,10128.2197265625,10455.23046875,33400.0,1,0.923428640447798
2008-10-23,9771.7001953125,10260.5498046875,9682.400390625,9683.259765625,41000.0,1,0.9967445744116122
2008-10-24,8701.0703125,9570.7099609375,8566.8203125,9497.48046875,63600.0,0,0.8920220928224583
2008-10-27,8509.5595703125,8739.48046875,7697.39013671875,8588.8603515625,55400.0,0,0.9512621144334782
2008-10-29,9044.509765625,9297.759765625,8894.33984375,9297.759765625,55000.0,1,0.9766705031631869
2008-10-31,9788.0595703125,9870.419921875,9361.66015625,9361.66015625,57200.0,1,0.9738238572490262
2008-11-03,10337.6796875,10373.169921875,10112.66015625,10209.3701171875,44800.0,2,0.9195255775969209
2008-11-04,10631.1201171875,10668.48046875,10116.2197265625,10304.5703125,51000.0,1,0.9984104651176183
2008-11-05,10120.009765625,10945.41015625,10051.51953125,10931.169921875,53400.0,1,0.9675468833303856
2008-11-06,9734.2197265625,10109.4501953125,9635.2197265625,9755.0302734375,49400.0,1,0.9984242926281794
2008-11-07,9964.2900390625,10065.3701171875,9631.58984375,9631.58984375,42000.0,1,0.9999252782985901
2008-11-10,10536.16015625,10570.580078125,10095.900390625,10154.5595703125,45400.0,1,0.9998326443382661
2008-11-11,9839.6904296875,10397.3603515625,9800.669921875,10386.4501953125,63600.0,0,0.5370820728623874
2008-11-12,9536.330078125,9928.599609375,9376.73046875,9683.75,52400.0,1,0.9981468329706256
2008-11-14,9385.419921875,9826.25,9267.490234375,9784.849609375,46200.0,1,0.9997981197175194
2008-11-17,9291.009765625,9424.25,8956.6796875,9396.9296875,41800.0,1,0.9998851433407391
2008-11-18,8937.2001953125,9169.0498046875,8871.7099609375,9084.1201171875,41000.0,2,0.8063762769754813
2008-11-19,8773.7802734375,9236.26953125,8726.7998046875,8970.669921875,42600.0,1,0.9998693124875484
2008-11-20,8451.009765625,8540.4599609375,8316.3896484375,8400.8798828125,40000.0,2,0.9745358216230329
2008-11-21,8915.2099609375,8988.0302734375,8442.3095703125,8481.01953125,59200.0,1,0.9407925442054049
2008-11-24,8903.1201171875,9042.01953125,8701.9296875,8840.5302734375,43800.0,2,0.5984542560752548
2008-11-25,8695.5302734375,9182.7998046875,8649.400390625,9170.2802734375,41600.0,1,0.9999422689404353
2008-11-26,9026.7197265625,9061.7197265625,8658.5302734375,8806.01953125,44600.0,1,0.9983943140878843
2008-11-28,9092.7197265625,9157.6201171875,8889.1796875,8889.1796875,34000.0,2,0.5232180727743649
2008-12-01,8839.8701171875,9326.6796875,8803.33984375,9162.9404296875,45200.0,1,0.9998122566670823
2008-12-02,8739.240234375,8785.0400390625,8467.4296875,8535.830078125,41000.0,1,0.7568616322406048
2008-12-03,8747.4296875,8854.8095703125,8601.41015625,8851.2197265625,52400.0,2,0.8716512290086286
2008-12-04,9229.75,9245.0595703125,8726.7099609375,8779.01953125,55200.0,1,0.991207236747461
2008-12-05,8965.2001953125,9340.6904296875,8914.3798828125,9172.580078125,53000.0,1,0.9929780835479161
2008-12-08,9162.6201171875,9432.1103515625,9095.7001953125,9276.8896484375,50200.0,2,0.5201129919305251
2008-12-10,9654.900390625,9678.7001953125,9280.16015625,9349.5302734375,65000.0,0,0.6079324019918498
2008-12-11,9645.4599609375,9746.009765625,9441.9697265625,9679.3203125,68800.0,2,0.6093063733126177
2008-12-12,9690.0703125,9745.509765625,9281.8896484375,9370.8701171875,6400.0,1,0.9999460064000054
2008-12-15,9832.3896484375,9948.330078125,9749.2900390625,9821.849609375,47000.0,2,0.9873013617377515
2008-12-16,9976.98046875,10009.2099609375,9790.3095703125,9794.48046875,41000.0,2,0.9204276237464648
2008-12-17,9715.2900390625,10073.099609375,9682.91015625,10073.099609375,75800.0,0,0.9997499715011671
2008-12-18,10076.4296875,10110.33984375,9633.0400390625,9710.2001953125,69200.0,0,0.9611840157676553
2008-12-19,10099.91015625,10188.5400390625,9987.419921875,10001.330078125,59600.0,2,0.9892809674872152
2008-12-22,9928.349609375,10173.33984375,9895.5498046875,10102.419921875,39000.0,2,0.8344168378890611
2008-12-23,9686.75,9838.3798828125,9643.5595703125,9813.2001953125,52600.0,2,0.9857802554509832
2008-12-24,9568.7197265625,9653.419921875,9502.5302734375,9626.0703125,68800.0,2,0.8608659966353781
2008-12-26,9328.919921875,9706.3798828125,9294.98046875,9655.0703125,43000.0,1,0.9974502022509601
2008-12-29,9533.51953125,9550.400390625,9162.66015625,9318.8603515625,65800.0,0,0.7396246048131058
2008-12-30,9716.16015625,9785.0400390625,9494.7001953125,9625.1298828125,56600.0,2,0.9589068262522512
2008-12-31,9647.3095703125,9825.900390625,9587.919921875,9806.6396484375,63800.0,2,0.9738397428558823
2009-01-02,9958.2197265625,10070.2802734375,9863.8603515625,9973.0595703125,51600.0,2,0.9924335371916121
2009-01-05,10275.599609375,10306.169921875,10069.1103515625,10124.919921875,51200.0,2,0.967716158889681
2009-01-06,10335.9296875,10392.1201171875,10150.6796875,10241.509765625,55600.0,2,0.9883138451176529
2009-01-07,9586.8798828125,10469.7197265625,9510.150390625,10424.9599609375,217600.0,0,1.0
2009-01-09,9406.4697265625,9630.400390625,9250.8203125,9434.849609375,158200.0,0,1.0
2009-01-12,9110.0498046875,9327.2998046875,9024.4501953125,9306.740234375,98000.0,0,0.9999999946571971
2009-01-13,9071.3603515625,9261.0,8992.919921875,9042.3603515625,45200.0,2,0.6764874365096646
2009-01-14,9370.490234375,9412.9697265625,9071.3603515625,9223.16015625,32000.0,1,0.9119253924438819
2009-01-15,9046.740234375,9123.7802734375,8946.6201171875,9000.6201171875,37600.0,2,0.9869839253121491
2009-01-16,9323.58984375,9342.4697265625,9125.650390625,9125.650390625,35400.0,2,0.8844992332895368
2009-01-19,9329.5703125,9409.509765625,9273.4697265625,9365.0400390625,30000.0,2,0.9931254367950294
2009-01-20,9100.5498046875,9159.759765625,9033.5498046875,9159.759765625,31200.0,2,0.9876779360179724
2009-01-21,8779.169921875,9051.3095703125,8734.9296875,8900.7802734375,32400.0,1,0.6509773433827374
2009-01-22,8813.83984375,8927.6904296875,8699.3203125,8905.9697265625,39200.0,2,0.9472343008709704
2009-01-23,8674.349609375,8858.83984375,8631.599609375,8804.150390625,44000.0,2,0.9609127856537742
2009-01-27,9004.080078125,9021.9697265625,8791.580078125,8803.0703125,34200.0,2,0.8383689101568126
2009-01-28,9257.4697265625,9270.75,9053.7998046875,9077.650390625,39800.0,2,0.9189267175882545
2009-01-29,9236.2802734375,9379.6796875,9164.9599609375,9340.58984375,38800.0,2,0.9760178650185323
2009-01-30,9424.240234375,9438.3095703125,9088.150390625,9111.1201171875,48000.0,1,0.9896006672230009
2009-02-02,9066.7001953125,9363.580078125,9048.9697265625,9363.580078125,39800.0,1,0.8229297360098127
2009-02-03,9149.2998046875,9302.25,9040.5595703125,9128.990234375,46000.0,2,0.9437532112802041
2009-02-04,9201.849609375,9338.2099609375,9164.16015625,9226.2001953125,41600.0,2,0.9779222422866981
2009-02-05,9090.8798828125,9247.08984375,9017.080078125,9241.5595703125,29600.0,2,0.950313128618676
2009-02-06,9300.8603515625,9321.3798828125,9160.830078125,9161.490234375,28400.0,2,0.9827491642942974
2009-02-09,9583.8896484375,9601.5595703125,9329.2998046875,9359.0,20000.0,2,0.6012469977528891
2009-02-10,9647.4697265625,9724.8701171875,9510.6298828125,9589.9501953125,45000.0,2,0.9848474668300653
2009-02-11,9618.5400390625,9648.3896484375,9459.58984375,9462.1396484375,37600.0,2,0.9614449510516697
2009-02-12,9465.830078125,9578.990234375,9445.5400390625,9559.0302734375,33800.0,2,0.9877072481225018
2009-02-13,9634.740234375,9695.58984375,9540.599609375,9540.599609375,30000.0,2,0.9844796334252393
2009-02-16,9305.4501953125,9637.0400390625,9279.099609375,9637.0400390625,37200.0,1,0.9791380043189193
2009-02-17,9035.0,9213.400390625,8994.33984375,9213.400390625,28400.0,2,0.9552010631250877
2009-02-18,9015.1796875,9112.990234375,8929.6201171875,8939.3798828125,36800.0,2,0.9635697155754805
2009-02-19,9042.6298828125,9111.26953125,8977.7998046875,9034.900390625,27400.0,2,0.9944784978300185
2009-02-20,8843.2099609375,8943.7802734375,8762.580078125,8943.7802734375,28000.0,2,0.9814679397700983
2009-02-24,8822.0595703125,8856.51953125,8619.2197265625,8707.349609375,32400.0,2,0.9305730640197604
2009-02-25,8902.5595703125,8995.0400390625,8880.150390625,8913.4404296875,32200.0,2,0.9878017983621562
2009-02-26,8954.8603515625,8998.3095703125,8788.9404296875,8905.5595703125,37200.0,2,0.9708685732529776
2009-02-27,8891.6103515625,8944.1103515625,8728.66015625,8944.1103515625,42200.0,2,0.8253381359165436
2009-03-02,8607.080078125,8762.8798828125,8563.51953125,8762.8798828125,30200.0,2,0.9691353827008197
2009-03-03,8427.2900390625,8635.2001953125,8393.0498046875,8583.0595703125,35200.0,2,0.9248353461781365
2009-03-04,8446.490234375,8501.4599609375,8373.240234375,8473.25,40600.0,2,0.9867778100573308
2009-03-05,8197.919921875,8535.0302734375,8167.75,8535.0302734375,51400.0,1,0.9789667692032772
2009-03-06,8325.8203125,8347.099609375,8047.169921875,8103.75,52200.0,1,0.5293514771693472
2009-03-09,8160.39990234375,8259.2197265625,8110.10009765625,8259.2197265625,26400.0,2,0.99029383606617
2009-03-12,8343.75,8439.259765625,8274.7802734375,8274.7802734375,36200.0,2,0.9636264167398965
2009-03-13,8756.6103515625,8793.2099609375,8480.740234375,8480.740234375,49400.0,1,0.8905323288699585
2009-03-16,8943.5400390625,8955.73046875,8697.4599609375,8793.8896484375,49400.0,2,0.8575702552967068
2009-03-17,8863.8203125,9024.1201171875,8801.7900390625,8942.009765625,47200.0,2,0.9790036733187213
2009-03-18,8976.6796875,9120.400390625,8951.3203125,8956.2998046875,45600.0,2,0.9116281100730995
2009-03-19,9001.75,9086.76953125,8900.3896484375,9023.0400390625,36000.0,2,0.9874455986007603
2009-03-20,8966.6796875,8999.98046875,8867.1298828125,8951.33984375,32800.0,2,0.9900954445936263
2009-03-23,9424.01953125,9454.6904296875,9040.2998046875,9040.2998046875,43200.0,1,0.9999071009796369
2009-03-24,9471.0400390625,9699.0,9402.6396484375,9549.51953125,50000.0,2,0.864079321397687
2009-03-25,9667.900390625,9704.6904296875,9430.4501953125,9442.2998046875,49400.0,2,0.691011092795897
2009-03-26,10003.099609375,10061.3603515625,9739.9296875,9739.9296875,45200.0,1,0.9104167324599073
2009-03-27,10048.490234375,10127.08984375,9913.400390625,10036.7998046875,52800.0,2,0.9919670058737758
2009-03-30,9568.1396484375,9902.349609375,9521.759765625,9902.349609375,41400.0,1,0.9898382575864187
2009-03-31,9708.5,9826.2197265625,9547.2099609375,9633.2099609375,53000.0,2,0.9635343622202017
2009-04-01,9901.990234375,9921.9599609375,9546.2900390625,9745.76953125,45800.0,1,0.9935887783035118
2009-04-02,10348.830078125,10431.98046875,10107.25,10107.25,64600.0,2,0.4099024138934495
2009-04-06,10534.8701171875,10654.8896484375,10410.4404296875,10521.7802734375,53800.0,2,0.991420492361584
2009-04-08,10742.33984375,10778.1103515625,10173.0,10283.580078125,56400.0,1,0.9777840313770478
2009-04-09,10803.8603515625,10929.330078125,10655.9599609375,10876.150390625,58400.0,2,0.9833422528361476
2009-04-13,10967.2197265625,11069.5400390625,10800.83984375,10916.4296875,43000.0,2,0.9677356832616756
2009-04-15,11284.73046875,11337.75,10719.1796875,10805.1396484375,70200.0,0,0.98768887692444
2009-04-16,10947.400390625,11362.3095703125,10900.4697265625,11358.0595703125,60200.0,1,0.8635567353043063
2009-04-17,11023.08984375,11339.4697265625,10946.25,11067.7099609375,53600.0,1,0.9806769120999814
2009-04-20,10979.5,11209.66015625,10863.2802734375,11065.099609375,43200.0,2,0.7242623353849228
2009-04-21,10898.1103515625,11068.8203125,10764.080078125,10765.3896484375,45000.0,1,0.8440515492805568
2009-04-22,10817.5400390625,11036.240234375,10715.66015625,10968.599609375,39000.0,2,0.7853992050300892
2009-04-23,11134.990234375,11200.8603515625,10758.9697265625,10841.5703125,41800.0,1,0.9998412320287916
2009-04-24,11329.0498046875,11362.8798828125,11070.330078125,11149.4697265625,44600.0,2,0.7595838819344469
2009-04-27,11371.849609375,11492.099609375,11176.5498046875,11237.419921875,52400.0,2,0.8501708577178532
2009-04-28,11001.75,11371.33984375,10961.759765625,11371.33984375,47600.0,1,0.9962699376461683
2009-04-29,11403.25,11430.25,11091.5595703125,11091.5595703125,40400.0,1,0.9842624652115505
2009-05-04,12134.75,12160.3203125,11635.240234375,11635.240234375,46400.0,1,0.9995870020284541
2009-05-05,12131.080078125,12197.8798828125,11985.8798828125,12159.740234375,48400.0,2,0.9829714206495115
2009-05-06,11952.75,12272.0400390625,11899.41015625,12100.6904296875,49200.0,1,0.8126172133982373
2009-05-07,12116.9404296875,12143.9501953125,11981.1298828125,12064.509765625,47800.0,2,0.9917614644551102
2009-05-08,11876.4296875,12180.0703125,11765.0595703125,12092.9697265625,55200.0,1,0.7497425999117376
2009-05-11,11682.990234375,12026.599609375,11621.2998046875,11997.3701171875,36000.0,1,0.9902529852652397
2009-05-12,12158.0302734375,12194.6298828125,11625.3896484375,11629.9697265625,40000.0,1,0.9999145525546331
2009-05-13,12019.650390625,12256.4296875,11934.4404296875,12201.9296875,217600.0,0,1.0
2009-05-14,11872.91015625,11935.8603515625,11695.51953125,11774.0400390625,39000.0,2,0.9734200240142509
2009-05-15,12173.419921875,12218.98046875,11948.7001953125,11948.7001953125,35000.0,2,0.6213545398616924
2009-05-18,14284.2099609375,14284.2099609375,13479.3896484375,13479.3896484375,800.0,1,0.9544173290503901
2009-05-19,14302.0302734375,14930.5400390625,13840.830078125,14757.8203125,89400.0,0,0.9999999998897431
2009-05-20,14060.66015625,14405.509765625,13976.490234375,14230.73046875,51000.0,1,0.9100934693968711
2009-05-21,13736.5400390625,14089.509765625,13704.4296875,14043.3798828125,44800.0,1,0.9249768382550392
2009-05-22,13887.150390625,13936.9296875,13611.2998046875,13663.5400390625,39400.0,1,0.6071671993394989
2009-05-25,13913.2197265625,14027.599609375,13819.7802734375,13999.4404296875,37400.0,2,0.986802002830714
2009-05-26,13589.23046875,13991.4599609375,13524.9296875,13983.259765625,37800.0,1,0.9998546538260249
2009-05-27,14109.6396484375,14122.7802734375,13848.150390625,13851.849609375,47000.0,2,0.7400270367078641
2009-05-28,14296.009765625,14376.33984375,14080.98046875,14139.1396484375,42600.0,2,0.8977992365477778
2009-05-29,14625.25,14726.599609375,14384.759765625,14384.759765625,45200.0,1,0.8636908781295207
2009-06-01,14840.6298828125,14906.8095703125,14658.009765625,14790.8896484375,44200.0,2,0.9869920746887295
2009-06-02,14874.91015625,14994.2197265625,14608.23046875,14942.2099609375,43800.0,1,0.9512913090313277
2009-06-03,14870.900390625,15045.8798828125,14734.900390625,14902.6201171875,43000.0,2,0.9706868605620109
2009-06-04,15008.6796875,15026.0302734375,14601.91015625,14755.080078125,39200.0,1,0.9993087210945616
2009-06-05,15103.5498046875,15257.2998046875,14994.0498046875,15040.240234375,36800.0,2,0.9241622836820655
2009-06-08,14665.919921875,15184.8701171875,14604.23046875,15153.2099609375,31400.0,1,0.999990016523959
2009-06-09,15127.0,15159.26953125,14526.6904296875,14618.98046875,51600.0,1,0.9950157754326918
2009-06-10,15466.8095703125,15580.8095703125,15168.1796875,15168.1796875,42400.0,1,0.9991047137380238
2009-06-11,15411.4697265625,15568.740234375,15242.1904296875,15517.3603515625,42000.0,2,0.8698728257632098
2009-06-12,15237.9404296875,15600.2998046875,15174.2802734375,15446.8203125,40600.0,1,0.9714366774983424
2009-06-15,14875.51953125,15261.0302734375,14808.08984375,15195.830078125,34600.0,1,0.997849032255076
2009-06-16,14957.91015625,15022.1904296875,14621.9697265625,14788.26953125,32000.0,1,0.9767582086124363
2009-06-17,14522.83984375,14995.66015625,14447.9296875,14978.5,35400.0,1,0.9999830515514382
2009-06-18,14265.5302734375,14630.73046875,14188.25,14503.0498046875,75800.0,0,0.9987700987125568
2009-06-19,14521.8896484375,14559.080078125,14179.76953125,14321.98046875,37400.0,1,0.9602311746572116
2009-06-22,14326.2197265625,14668.400390625,14269.76953125,14591.2802734375,31600.0,1,0.9450258696923114
2009-06-23,14324.009765625,14394.1904296875,14016.9501953125,14147.8701171875,35600.0,1,0.884224391113103
2009-06-24,14422.73046875,14479.8203125,14207.01953125,14388.2099609375,30600.0,2,0.9080001064128793
2009-06-25,14345.6201171875,14578.4599609375,14261.1396484375,14476.150390625,29600.0,2,0.8916547561266627
2009-06-26,14764.6396484375,14781.9404296875,14373.5703125,14373.5703125,32400.0,1,0.9999516389196494
2009-06-29,14785.740234375,14955.5498046875,14685.4501953125,14764.6396484375,26600.0,2,0.943355370287425
2009-06-30,14493.83984375,14907.48046875,14420.41015625,14785.740234375,35200.0,1,0.9997105666462887
2009-07-01,14645.4697265625,14727.490234375,14355.51953125,14493.83984375,28800.0,1,0.8210879749215384
2009-07-02,14658.490234375,14764.349609375,14469.6904296875,14694.3095703125,31200.0,2,0.9006177495257536
2009-07-03,14913.0498046875,14945.849609375,14499.740234375,14552.7197265625,29000.0,1,0.9999842176291186
2009-07-06,14043.400390625,15097.8701171875,13959.4404296875,14962.1201171875,43400.0,1,0.9776861716640144
2009-07-07,14170.4501953125,14251.8798828125,14000.6796875,14103.650390625,35800.0,2,0.9813890465373585
2009-07-08,13769.150390625,14039.580078125,13701.759765625,14039.580078125,37600.0,1,0.6316566628065498
2009-07-09,13757.4599609375,13879.1796875,13643.9697265625,13796.1904296875,28400.0,2,0.9891225722785679
2009-07-10,13504.2197265625,13897.1904296875,13418.3896484375,13803.1201171875,27800.0,1,0.9996819813828856
2009-07-13,13400.3203125,13461.6796875,13219.990234375,13405.9501953125,24600.0,2,0.9573783180400791
2009-07-14,13853.7001953125,13903.48046875,13549.419921875,13549.419921875,23800.0,1,0.9923653329889395
2009-07-15,14253.240234375,14299.5400390625,13891.0400390625,13917.26953125,27200.0,1,0.9997986200166216
2009-07-16,14250.25,14493.099609375,14169.580078125,14351.9697265625,35000.0,2,0.8432640053099877
2009-07-17,14744.919921875,14800.7001953125,14250.25,14325.580078125,37600.0,1,0.9999670524925285
2009-07-20,15191.009765625,15209.3603515625,14854.169921875,14854.169921875,34800.0,1,0.9933844140990882
2009-07-21,15062.490234375,15234.2099609375,14955.8798828125,15218.830078125,35000.0,2,0.9311464495323756
2009-07-22,14843.1201171875,15369.419921875,14786.580078125,15124.919921875,41800.0,1,0.9998514212047862
2009-07-23,15231.0400390625,15264.83984375,14843.1201171875,15008.7802734375,55200.0,1,0.9588466442107334
2009-07-24,15378.9599609375,15418.6103515625,15168.51953125,15272.009765625,43200.0,2,0.9789813479700502
2009-07-27,15375.0400390625,15463.08984375,15228.4599609375,15350.8896484375,36600.0,2,0.9901236663467204
2009-07-28,15331.9404296875,15463.4599609375,15240.5302734375,15428.5,40800.0,2,0.9888991755797191
2009-07-29,15173.4599609375,15379.4296875,14888.41015625,15293.1904296875,39000.0,1,0.999671643686309
2009-07-30,15387.9599609375,15409.91015625,15065.48046875,15169.23046875,30400.0,1,0.8696782561100214
2009-07-31,15670.3095703125,15732.8095703125,15449.4697265625,15449.4697265625,34000.0,2,0.6450566818629585
2009-08-03,15924.23046875,15963.3603515625,15608.400390625,15694.7802734375,32400.0,1,0.8728982042826239
2009-08-04,15830.98046875,16002.4599609375,15699.1298828125,15940.099609375,43400.0,2,0.9683117382998582
2009-08-05,15903.830078125,15973.099609375,15695.1103515625,15882.3896484375,29600.0,2,0.9309761785432433
2009-08-06,15514.0302734375,15969.8095703125,15443.2197265625,15881.4697265625,37800.0,1,0.9999628201538401
2009-08-07,15160.240234375,15501.9404296875,15104.0,15440.9501953125,33200.0,1,0.9362612718546687
2009-08-10,15009.76953125,15417.33984375,14902.01953125,15287.1396484375,37200.0,1,0.999846083969491
2009-08-11,15074.58984375,15218.650390625,14864.23046875,15000.3798828125,31000.0,2,0.6914125555296075
2009-08-12,15020.16015625,15043.6201171875,14701.0498046875,14953.4404296875,34000.0,1,0.9732164047872741
2009-08-13,15518.490234375,15545.1298828125,15207.9599609375,15207.9599609375,28800.0,1,0.9743107513176591
2009-08-14,15411.6298828125,15535.4697265625,15367.6103515625,15530.3798828125,28600.0,2,0.9895046276365029
2009-08-17,14784.919921875,15411.6298828125,14740.6298828125,15284.23046875,25600.0,1,0.9999883065590294
2009-08-18,15035.259765625,15134.509765625,14740.259765625,14745.7998046875,29200.0,1,0.9988121364064811
2009-08-19,14809.6396484375,15096.9404296875,14684.4501953125,15079.0400390625,26600.0,1,0.9799291664340661
2009-08-20,15012.3203125,15145.0,14928.1796875,14930.0498046875,16800.0,2,0.9567769493380459
2009-08-21,15240.830078125,15275.169921875,14835.080078125,14951.490234375,21400.0,1,0.9999171398120547
2009-08-24,15628.75,15676.349609375,15362.9296875,15362.9296875,19800.0,1,0.8199209251935191
2009-08-25,15688.4697265625,15735.3203125,15423.3896484375,15573.91015625,29200.0,2,0.7276103496414486
2009-08-26,15769.849609375,15831.490234375,15695.9404296875,15763.08984375,20000.0,2,0.9966454340241683
2009-08-27,15781.0703125,15853.7099609375,15685.490234375,15711.7998046875,18600.0,2,0.994874487586177
2009-08-28,15922.33984375,15957.669921875,15663.349609375,15770.1904296875,30400.0,2,0.8223811459236858
2009-08-31,15666.6396484375,15821.349609375,15589.7998046875,15812.150390625,25600.0,2,0.9795093693591589
2009-09-01,15551.1904296875,15923.08984375,15475.2802734375,15691.26953125,26800.0,1,0.9988488577346727
2009-09-02,15467.4599609375,15628.099609375,15392.6796875,15482.0498046875,23600.0,2,0.9841686149011369
2009-09-03,15398.330078125,15598.1796875,15356.7197265625,15539.33984375,22000.0,2,0.9836985911935744
2009-09-04,15689.1201171875,15740.830078125,15358.9404296875,15425.8603515625,30800.0,1,0.9830536931057474
2009-09-07,16016.3203125,16035.5,15793.26953125,15793.26953125,25000.0,2,0.8669177308675697
2009-09-08,16123.669921875,16232.16015625,16030.5595703125,16030.5595703125,35000.0,2,0.9606059368622624
2009-09-09,16183.5498046875,16215.740234375,16044.76953125,16111.08984375,30600.0,2,0.9916381637484114
2009-09-10,16216.8603515625,16434.76953125,16166.419921875,16295.919921875,30000.0,2,0.9481873983067177
2009-09-11,16264.2998046875,16337.98046875,16130.3203125,16254.5703125,28200.0,2,0.9921720232647732
2009-09-14,16214.1904296875,16252.1796875,16119.9501953125,16185.259765625,23600.0,2,0.9947820784819872
2009-09-15,16454.44921875,16477.23046875,16255.419921875,16255.419921875,19600.0,2,0.9516821870725607
2009-09-16,16677.0390625,16700.560546875,16498.58984375,16498.58984375,30200.0,2,0.9662365502857063
2009-09-17,16711.109375,16820.01953125,16636.55078125,16686.380859375,44200.0,2,0.9927901714214429
2009-09-18,16741.30078125,16765.029296875,16610.05078125,16650.05078125,28000.0,2,0.9914769011748812
2009-09-22,16886.4296875,16943.490234375,16763.779296875,16805.220703125,22800.0,2,0.9932812365829147
2009-09-23,16719.5,16905.580078125,16683.779296875,16905.5,48400.0,2,0.9851211456735612
2009-09-24,16781.4296875,16834.099609375,16494.919921875,16634.080078125,24600.0,1,0.5230590567700057
2009-09-25,16693.0,16812.01953125,16613.220703125,16679.990234375,20400.0,2,0.9936611133482703
2009-09-29,16852.91015625,16907.83984375,16802.80078125,16829.109375,16000.0,2,0.9964754896687853
2009-09-30,17126.83984375,17142.51953125,16868.4609375,16868.4609375,20600.0,2,0.5936878642009217
2009-10-01,17134.55078125,17195.609375,17059.359375,17186.19921875,28000.0,2,0.9897763641893133
2009-10-05,16866.41015625,17062.009765625,16835.80078125,17062.009765625,24800.0,2,0.9726632954310119
2009-10-06,16958.5390625,16988.560546875,16622.05078125,16879.380859375,50200.0,1,0.8977666273329235
2009-10-07,16806.66015625,17120.560546875,16764.0703125,17069.419921875,32800.0,1,0.6026628620260902
2009-10-08,16843.5390625,16998.51953125,16775.359375,16908.01953125,37000.0,2,0.9913432521654366
2009-10-09,16642.66015625,16963.080078125,16606.94921875,16915.9609375,27000.0,1,0.6872336441140964
2009-10-12,17026.669921875,17068.779296875,16687.3203125,16687.3203125,24200.0,1,0.9987309252842886
2009-10-14,17231.109375,17274.58984375,17117.900390625,17117.900390625,31800.0,2,0.9860184389493387
2009-10-15,17195.19921875,17350.390625,17092.830078125,17274.0703125,30200.0,2,0.987125414265068
2009-10-16,17322.8203125,17347.849609375,17126.55078125,17196.80078125,28200.0,2,0.9790414956730569
2009-10-20,17223.009765625,17457.259765625,17185.0390625,17414.80078125,24600.0,2,0.9525455392043569
2009-10-21,17009.169921875,17248.689453125,16997.859375,17229.720703125,25600.0,2,0.9418892306086483
2009-10-22,16789.740234375,17031.5390625,16721.259765625,17031.5390625,25600.0,2,0.762603585840181
2009-10-23,16810.810546875,17006.76953125,16765.19921875,16795.66015625,24400.0,2,0.8045513962215597
2009-10-26,16740.5,16938.880859375,16706.080078125,16808.05078125,22000.0,2,0.9742459250771653
2009-10-27,16353.400390625,16699.08984375,16311.5,16699.08984375,30800.0,1,0.9693638555417496
2009-10-28,16283.490234375,16411.140625,16144.169921875,16335.7802734375,29600.0,2,0.9808504780805493
2009-10-29,16052.7197265625,16264.08984375,15993.830078125,16191.3896484375,26200.0,2,0.9710701613226401
2009-10-30,15896.2802734375,16360.8798828125,15805.2001953125,16135.8701171875,38600.0,1,0.9999569025546537
2009-11-03,15404.9404296875,15957.0595703125,15330.5595703125,15838.6298828125,32400.0,1,0.9999867450776982
2009-11-04,15912.1298828125,15929.08984375,15487.9697265625,15487.9697265625,30400.0,1,0.9999900902544245
2009-11-05,16063.900390625,16092.3798828125,15564.8896484375,15926.1298828125,33800.0,1,0.9999648307177962
2009-11-06,16158.2802734375,16283.8603515625,16075.1904296875,16137.419921875,28200.0,2,0.9883137217682938
2009-11-09,16498.720703125,16517.419921875,16147.2099609375,16190.7900390625,20400.0,1,0.9937699494683063
2009-11-10,16440.560546875,16677.529296875,16371.66015625,16552.4296875,26600.0,2,0.9218765081417671
2009-11-11,16849.599609375,16887.80078125,16405.189453125,16444.439453125,26600.0,1,0.9999937506320168
2009-11-12,16696.029296875,16896.619140625,16605.009765625,16822.1796875,27200.0,2,0.9658356155942114
2009-11-13,16848.830078125,16909.740234375,16666.69921875,16693.150390625,21400.0,2,0.9613957697469241
2009-11-16,17032.509765625,17083.19921875,16893.109375,16893.109375,19000.0,2,0.9857411843509577
2009-11-17,17050.650390625,17080.169921875,16882.98046875,17036.23046875,20400.0,2,0.9817751230834479
2009-11-18,16998.779296875,17098.7890625,16958.41015625,17032.009765625,18200.0,2,0.99633086550862
2009-11-19,16785.650390625,17004.98046875,16712.330078125,17004.98046875,18200.0,2,0.9009150121754471
2009-11-20,17021.849609375,17041.7890625,16635.75,16772.75,22400.0,1,0.9981900369893137
2009-11-23,17180.1796875,17214.580078125,17045.01953125,17067.140625,22000.0,2,0.9916316727845409
2009-11-24,17131.080078125,17230.859375,17027.51953125,17230.859375,18200.0,2,0.9881192130619344
2009-11-25,17198.94921875,17290.48046875,17124.150390625,17149.080078125,17000.0,2,0.9943315200059447
2009-11-26,16854.9296875,17202.509765625,16808.869140625,17199.05078125,24000.0,1,0.9736920956940416
2009-11-27,16632.009765625,16718.80078125,16210.4404296875,16718.80078125,28400.0,1,0.9999620832700855
2009-11-30,16926.220703125,17026.91015625,16655.75,16655.75,23200.0,1,0.9924056970869067
2009-12-01,17198.26953125,17218.4609375,16947.4609375,16947.4609375,20000.0,2,0.661613487956518
2009-12-02,17169.91015625,17329.6796875,17142.359375,17226.490234375,22200.0,2,0.9893521474346871
2009-12-03,17185.6796875,17361.26953125,17128.2109375,17199.640625,18200.0,2,0.9784575700746405
2009-12-04,17101.5390625,17291.830078125,17032.810546875,17182.23046875,18200.0,2,0.9870829479710057
2009-12-07,16983.140625,17176.619140625,16943.009765625,17106.740234375,21000.0,2,0.9876834798178017
2009-12-08,17227.6796875,17237.7890625,16964.109375,16984.5390625,18600.0,2,0.7032457071282624
2009-12-09,17125.220703125,17227.9609375,17057.369140625,17204.3203125,21800.0,2,0.9943103853402762
2009-12-10,17189.310546875,17231.05078125,17032.30078125,17107.0,19200.0,2,0.9933143527235305
2009-12-11,17119.029296875,17351.7109375,17056.119140625,17199.740234375,19200.0,2,0.9296074493654367
2009-12-14,17097.55078125,17275.189453125,17048.169921875,17118.140625,17200.0,2,0.9800439758335453
2009-12-15,16877.16015625,17200.470703125,16835.779296875,17150.58984375,18600.0,1,0.7043484381361403
2009-12-16,16912.76953125,16996.119140625,16777.939453125,16866.94921875,19400.0,2,0.9941839633676363
2009-12-17,16894.25,16979.51953125,16826.0,16912.25,22000.0,2,0.995856641053361
2009-12-18,16719.830078125,16899.189453125,16693.060546875,16855.91015625,18600.0,2,0.9920198323203561
2009-12-21,16601.19921875,16750.990234375,16577.779296875,16724.83984375,17200.0,2,0.9950997888539862
2009-12-22,16692.0,16738.119140625,16633.810546875,16633.810546875,14400.0,2,0.9963165089569279
2009-12-23,17231.109375,17252.08984375,16723.9609375,16723.9609375,26600.0,1,0.9999897934224837
2009-12-24,17360.609375,17413.689453125,17198.08984375,17265.470703125,22400.0,2,0.9899757550655969
2009-12-29,17401.560546875,17486.05078125,17372.630859375,17388.669921875,14400.0,2,0.9954358511980023
2009-12-30,17343.8203125,17440.05078125,17322.80078125,17402.240234375,13800.0,2,0.9971828497619702
2009-12-31,17464.810546875,17530.939453125,17365.369140625,17365.369140625,16600.0,2,0.9920950295264414
2010-01-04,17558.73046875,17582.83984375,17378.380859375,17473.44921875,28200.0,2,0.9850551340747745
2010-01-05,17686.240234375,17729.779296875,17555.76953125,17555.76953125,27000.0,2,0.9840969152165822
2010-01-06,17701.130859375,17790.330078125,17636.7109375,17719.470703125,21400.0,2,0.9956842078333454
2010-01-07,17615.720703125,17733.33984375,17566.5390625,17701.970703125,18000.0,2,0.995913143351173
2010-01-08,17540.2890625,17658.119140625,17508.9609375,17603.869140625,17200.0,2,0.9962084069918477
2010-01-11,17526.7109375,17776.5703125,17500.7890625,17724.58984375,18400.0,2,0.9513116828201317
2010-01-12,17422.509765625,17612.0,17392.55078125,17534.099609375,18600.0,2,0.9900855700469864
2010-01-13,17509.80078125,17528.310546875,17276.4609375,17368.029296875,26200.0,2,0.9439389890751833
2010-01-14,17584.869140625,17628.0390625,17525.7109375,17525.7109375,23400.0,2,0.9896982482277596
2010-01-15,17554.30078125,17639.849609375,17529.109375,17604.310546875,17600.0,2,0.995451433283375
2010-01-18,17641.080078125,17712.599609375,17505.5,17538.720703125,15400.0,2,0.9923467747821358
2010-01-19,17486.060546875,17664.859375,17463.779296875,17650.8203125,13400.0,2,0.9938502979575706
2010-01-20,17474.490234375,17590.58984375,17425.05078125,17486.689453125,17000.0,2,0.9957130093454344
2010-01-21,17051.140625,17474.490234375,17025.259765625,17474.490234375,17200.0,1,0.9997534926161328
2010-01-22,16859.6796875,17000.330078125,16608.08984375,16978.359375,23200.0,1,0.9903462971314632
2010-01-25,16780.4609375,16877.76953125,16705.560546875,16847.69921875,16400.0,2,0.9966763177081006
2010-01-27,16289.8203125,16708.599609375,16230.849609375,16708.599609375,25600.0,1,0.9999501993452884
2010-01-28,16306.8701171875,16524.689453125,16182.1396484375,16317.16015625,21600.0,2,0.7433250524710572
2010-01-29,16357.9599609375,16390.310546875,15982.080078125,16253.8203125,25400.0,1,0.9994664378036409
2010-02-01,16356.0302734375,16422.400390625,16160.7998046875,16339.3203125,20000.0,2,0.9660877615322215
2010-02-02,16163.4404296875,16525.98046875,16129.1103515625,16368.4404296875,20600.0,1,0.9716916405416292
2010-02-03,16496.05078125,16552.990234375,16210.25,16210.25,16400.0,1,0.9629616194257673
2010-02-04,16224.9501953125,16508.220703125,16188.7998046875,16500.2890625,15800.0,2,0.6980213105886945
2010-02-05,15790.9296875,16222.5595703125,15725.4296875,16222.5595703125,23000.0,1,0.999988251528246
2010-02-08,15935.6103515625,16061.41015625,15651.990234375,15931.33984375,26600.0,1,0.9545944386835276
2010-02-09,16042.1796875,16094.1298828125,15862.900390625,15940.73046875,21200.0,2,0.9863968657683049
2010-02-10,15922.169921875,16141.1298828125,15892.009765625,16042.1796875,19800.0,2,0.9754214293350366
2010-02-11,16152.58984375,16202.8701171875,15928.2802734375,15928.2802734375,14400.0,2,0.7689382520662257
2010-02-15,16038.349609375,16227.0400390625,16011.8203125,16186.900390625,17000.0,2,0.99162531347151
2010-02-16,16226.6796875,16310.3896484375,16021.2900390625,16042.1796875,20600.0,2,0.7609261293317534
2010-02-17,16428.91015625,16480.890625,16228.91015625,16228.91015625,19600.0,2,0.8894484378975612
2010-02-18,16327.83984375,16452.509765625,16287.169921875,16421.19921875,14000.0,2,0.9975059364214005
2010-02-19,16191.6298828125,16301.9404296875,16074.580078125,16256.5302734375,19400.0,2,0.9916897630684457
2010-02-22,16237.0498046875,16423.23046875,16191.3203125,16191.3203125,14000.0,2,0.7915925173299092
2010-02-23,16286.3203125,16324.9296875,16178.91015625,16213.1396484375,13400.0,2,0.9976786124618764
2010-02-24,16255.9697265625,16328.4404296875,16187.4404296875,16218.6796875,12400.0,2,0.9979726675160298
2010-02-25,16254.2001953125,16329.330078125,16167.1298828125,16264.099609375,12200.0,2,0.9984813202660217
2010-02-26,16429.55078125,16669.25,16249.669921875,16255.330078125,31000.0,1,0.9999340474326692
2010-03-02,16772.560546875,16808.490234375,16438.44921875,16438.44921875,22400.0,1,0.9973901668554377
2010-03-03,17000.009765625,17012.609375,16778.2890625,16778.2890625,20000.0,2,0.9073248955262685
2010-03-04,16971.69921875,17024.9609375,16888.05078125,17013.6796875,19000.0,2,0.9943103395710581
2010-03-05,16994.490234375,17097.7109375,16936.119140625,16988.2890625,19600.0,2,0.9950797749229625
2010-03-08,17102.599609375,17187.55078125,17034.919921875,17034.919921875,15200.0,2,0.9931692708583126
2010-03-09,17052.5390625,17130.830078125,17031.2109375,17089.220703125,56600.0,2,0.9925393863032267
2010-03-10,17098.330078125,17183.509765625,17027.919921875,17072.939453125,16800.0,2,0.9964726791637657
2010-03-11,17167.9609375,17215.0703125,17054.279296875,17087.630859375,11400.0,2,0.9977151873329344
2010-03-12,17166.619140625,17244.5390625,17126.9296875,17176.01953125,24000.0,2,0.9930678627639965
2010-03-15,17164.990234375,17195.490234375,17061.140625,17166.970703125,14200.0,2,0.9964034254675286
2010-03-16,17383.1796875,17416.55078125,17150.060546875,17169.83984375,12400.0,2,0.894020442971002
2010-03-17,17490.080078125,17576.779296875,17389.470703125,17389.470703125,16800.0,2,0.9867499856833893
2010-03-18,17519.259765625,17548.130859375,17417.609375,17492.810546875,13600.0,2,0.9973036867304175
2010-03-19,17578.23046875,17600.869140625,17502.140625,17531.470703125,13800.0,2,0.9968553771672322
2010-03-22,17410.5703125,17559.1796875,17337.380859375,17481.9609375,12200.0,2,0.9969488335653832
2010-03-23,17451.01953125,17530.7890625,17356.640625,17422.509765625,12600.0,2,0.9979015586366349
2010-03-25,17558.849609375,17575.23046875,17383.2109375,17458.509765625,13800.0,2,0.9936198251953311
2010-03-26,17644.759765625,17682.939453125,17558.849609375,17558.849609375,13000.0,2,0.9964383525371021
2010-03-29,17711.349609375,17793.009765625,17639.1796875,17639.1796875,14800.0,2,0.9931730292406008
2010-03-30,17590.169921875,17783.349609375,17558.220703125,17703.669921875,12600.0,2,0.9936766801198389
2010-03-31,17527.76953125,17699.5,17488.55078125,17602.390625,13600.0,2,0.994793625321889
2010-04-01,17692.619140625,17706.560546875,17555.0390625,17555.0390625,13000.0,2,0.9946801511327465
2010-04-05,17935.6796875,17948.5390625,17693.66015625,17693.66015625,12800.0,2,0.850244339862679
2010-04-06,17941.369140625,17991.41015625,17898.0,17940.3203125,12400.0,2,0.9972490351156215
2010-04-07,17970.01953125,18047.859375,17878.310546875,17915.599609375,13200.0,2,0.9968416682800971
2010-04-08,17714.400390625,17960.91015625,17679.33984375,17950.560546875,11800.0,2,0.9525296693329398
2010-04-09,17933.140625,17971.470703125,17715.16015625,17715.16015625,12200.0,2,0.8992348440423458
2010-04-12,17853.0,17995.25,17816.189453125,17874.16015625,9800.0,2,0.9965051005130932
2010-04-13,17821.9609375,17892.779296875,17736.08984375,17831.380859375,12800.0,2,0.9980489819178523
2010-04-15,17639.259765625,17975.5703125,17619.01953125,17804.55078125,12600.0,1,0.8339322847896479
2010-04-16,17591.1796875,17663.990234375,17529.55078125,17645.91015625,11600.0,2,0.9979343461917116
2010-04-19,17400.6796875,17584.859375,17276.80078125,17584.859375,11800.0,2,0.8771060637193481
2010-04-20,17460.580078125,17560.08984375,17394.6796875,17394.6796875,14000.0,2,0.991317202727518
2010-04-21,17472.560546875,17565.55078125,17446.509765625,17458.759765625,10000.0,2,0.9969664309968619
2010-04-22,17573.990234375,17778.33984375,17408.01953125,17476.48046875,17600.0,1,0.8882630454218281
2010-04-23,17694.19921875,17725.880859375,17533.880859375,17533.880859375,17200.0,2,0.984770142496056
2010-04-26,17745.279296875,17826.48046875,17692.259765625,17692.259765625,14800.0,2,0.9938047530155825
2010-04-27,17690.619140625,17769.25,17678.560546875,17744.9296875,12200.0,2,0.9968849653736924
2010-04-28,17380.080078125,17643.58984375,17344.580078125,17643.58984375,17000.0,2,0.8355216967168562
2010-04-29,17503.470703125,17532.859375,17382.08984375,17382.08984375,10800.0,2,0.996499929760653
2010-04-30,17558.7109375,17646.609375,17503.470703125,17503.470703125,12200.0,2,0.9949683174920565
2010-05-03,17386.080078125,17536.859375,17345.919921875,17536.859375,10400.0,2,0.9964248370769024
2010-05-04,17137.140625,17464.8203125,17101.9609375,17371.75,19800.0,1,0.6721441262753334
2010-05-05,17087.9609375,17121.66015625,16858.23046875,17103.94921875,20000.0,2,0.5617754076540666
2010-05-06,16987.529296875,17080.470703125,16823.0,17080.470703125,16400.0,2,0.9128432813542772
2010-05-07,16769.109375,16939.580078125,16684.130859375,16939.580078125,19400.0,2,0.9678522320253508
2010-05-10,17330.55078125,17356.5390625,16799.490234375,16799.490234375,19800.0,1,0.9999872540344826
2010-05-11,17141.529296875,17379.150390625,17104.44921875,17336.130859375,20400.0,2,0.9557206150126506
2010-05-12,17195.810546875,17252.51953125,17028.080078125,17141.529296875,18400.0,2,0.9917183101443611
2010-05-13,17265.869140625,17389.150390625,17240.349609375,17323.630859375,18000.0,2,0.995515045782557
2010-05-14,16994.599609375,17329.3203125,16923.650390625,17267.25,15200.0,1,0.9105209984564606
2010-05-17,16835.560546875,16961.919921875,16551.0,16961.919921875,20400.0,1,0.9997430254877269
2010-05-18,16875.759765625,17000.33984375,16744.130859375,16840.58984375,16800.0,2,0.9896384117380376
2010-05-19,16408.490234375,16802.390625,16373.3203125,16802.390625,22200.0,1,0.9987026093164634
2010-05-20,16519.6796875,16617.80078125,16419.099609375,16419.099609375,21600.0,2,0.9752084994988535
2010-05-21,16445.609375,16486.740234375,16187.0302734375,16317.9404296875,24200.0,2,0.8179758091347565
2010-05-24,16469.55078125,16757.73046875,16413.029296875,16494.609375,22200.0,1,0.9625943365732065
2010-05-25,16022.48046875,16444.5703125,15960.150390625,16444.5703125,21600.0,1,0.9999720620402883
2010-05-26,16387.83984375,16410.349609375,16069.7802734375,16069.7802734375,18400.0,1,0.9814522385719215
2010-05-27,16666.400390625,16694.55078125,16331.099609375,16410.880859375,18800.0,1,0.9636141748685684
2010-05-28,16863.060546875,16891.169921875,16692.66015625,16692.66015625,19000.0,2,0.9794965138841752
2010-05-31,16944.630859375,16971.150390625,16806.5,16872.169921875,15600.0,2,0.996226700492406
2010-06-01,16572.029296875,16942.8203125,16318.3896484375,16942.8203125,20600.0,1,0.9999911197146469
2010-06-02,16741.83984375,16774.150390625,16571.44921875,16574.7890625,29000.0,2,0.9710319090319205
2010-06-03,17022.330078125,17072.630859375,16786.279296875,16786.279296875,21800.0,2,0.5764685169012849
2010-06-04,17117.689453125,17150.419921875,16963.919921875,17036.55078125,22400.0,2,0.9924069921963361
2010-06-07,16781.0703125,17069.76953125,16686.73046875,17069.76953125,26000.0,1,0.9107395179302666
2010-06-08,16617.099609375,16895.73046875,16560.640625,16760.599609375,27400.0,2,0.7139400871066202
2010-06-09,16657.890625,16817.689453125,16591.259765625,16621.119140625,36600.0,2,0.94073196522604
2010-06-10,16922.080078125,16942.599609375,16668.91015625,16668.91015625,24800.0,2,0.6075109790288412
2010-06-11,17064.94921875,17131.560546875,16994.0703125,16994.0703125,24600.0,2,0.9888855542438373
2010-06-14,17338.169921875,17351.1796875,17118.740234375,17118.740234375,17400.0,2,0.9242910064804188
2010-06-15,17412.830078125,17442.5,17249.4609375,17355.490234375,22400.0,2,0.9900497364988412
2010-06-16,17462.869140625,17530.380859375,17407.30078125,17500.30078125,27400.0,2,0.9919531488231718
2010-06-17,17616.689453125,17647.419921875,17394.900390625,17490.51953125,25400.0,2,0.959913775799427
2010-06-18,17570.8203125,17721.990234375,17525.2890625,17628.01953125,24000.0,2,0.9918459096118296
2010-06-21,17876.55078125,17919.619140625,17654.810546875,17654.810546875,26200.0,2,0.7942390966895494
2010-06-22,17749.689453125,17868.119140625,17725.630859375,17868.119140625,15200.0,2,0.9955403118163637
2010-06-23,17755.939453125,17782.41015625,17629.189453125,17694.869140625,17600.0,2,0.9955666735610275
2010-06-24,17730.240234375,17845.650390625,17632.80078125,17750.509765625,15600.0,2,0.996582112291388
2010-06-25,17574.529296875,17714.73046875,17546.73046875,17705.109375,19200.0,2,0.9933120393332467
2010-06-28,17774.259765625,17794.80078125,17571.849609375,17577.66015625,19200.0,2,0.9551932156062756
2010-06-29,17534.08984375,17777.94921875,17465.73046875,17777.94921875,19200.0,2,0.7969920474533685
2010-06-30,17700.900390625,17725.0390625,17373.779296875,17476.849609375,18200.0,1,0.8850713580032449
2010-07-01,17509.330078125,17679.33984375,17455.41015625,17679.33984375,16200.0,2,0.9879761685230607
2010-07-02,17460.94921875,17598.939453125,17426.779296875,17523.470703125,17200.0,2,0.9956517226995494
2010-07-05,17441.439453125,17505.73046875,17423.740234375,17473.830078125,7800.0,2,0.9984832641758751
2010-07-06,17614.48046875,17643.140625,17395.580078125,17402.6796875,15600.0,2,0.9182361950658304
2010-07-07,17471.029296875,17623.66015625,17447.150390625,17623.66015625,15200.0,2,0.9941532628302505
2010-07-08,17651.73046875,17728.369140625,17536.48046875,17536.48046875,14200.0,2,0.9890949369169794
2010-07-09,17833.5390625,17857.580078125,17667.849609375,17667.849609375,26000.0,2,0.9763475169061818
2010-07-12,17937.19921875,18010.0703125,17874.94921875,17875.970703125,16200.0,2,0.993460504525287
2010-07-13,17985.900390625,17998.0390625,17855.849609375,17908.30078125,17000.0,2,0.9949886838538342
2010-07-14,17938.16015625,18167.220703125,17897.259765625,18024.94921875,16800.0,2,0.9552374705833585
2010-07-15,17909.4609375,17978.560546875,17858.73046875,17874.7109375,11800.0,2,0.9971187204457334
2010-07-16,17955.8203125,17980.26953125,17892.16015625,17911.130859375,13200.0,2,0.9964641671004201
2010-07-19,17928.419921875,18005.0703125,17856.400390625,17914.119140625,11800.0,2,0.9981340643351149
2010-07-20,17878.140625,18040.169921875,17848.0703125,17918.4296875,11600.0,2,0.9941868628694581
2010-07-21,17977.23046875,18012.19921875,17873.919921875,17873.919921875,13000.0,2,0.9958912264900028
2010-07-22,18113.150390625,18127.900390625,17879.880859375,17978.369140625,16000.0,2,0.9601392091635866
2010-07-23,18130.98046875,18237.560546875,18093.9296875,18132.2890625,17400.0,2,0.9940585166756074
2010-07-26,18020.05078125,18194.08984375,17993.880859375,18056.240234375,16800.0,2,0.9832354743318878
2010-07-27,18077.609375,18149.560546875,17998.740234375,17998.740234375,15800.0,2,0.9930097848823828
2010-07-28,17957.369140625,18137.140625,17925.400390625,18077.849609375,15400.0,2,0.9937916176512407
2010-07-29,17992.0,18013.099609375,17902.83984375,17961.580078125,11600.0,2,0.9975547756374975
2010-07-30,17868.2890625,18000.349609375,17838.919921875,17981.060546875,14000.0,2,0.9965567582751016
2010-08-02,18081.2109375,18104.240234375,17911.310546875,17911.310546875,11000.0,2,0.9897316431687011
2010-08-03,18114.830078125,18167.44921875,18072.380859375,18149.900390625,13800.0,2,0.9963222408896242
2010-08-04,18217.439453125,18249.4609375,18093.029296875,18115.560546875,11200.0,2,0.9969588085928559
2010-08-05,18172.830078125,18295.4296875,18156.44921875,18234.849609375,10200.0,2,0.9977634168256774
2010-08-06,18143.990234375,18244.560546875,18118.189453125,18165.490234375,9800.0,2,0.9978587996109406
2010-08-09,18287.5,18309.25,18139.900390625,18141.109375,11000.0,2,0.9942441673984472
2010-08-10,18219.990234375,18293.400390625,18170.76953125,18272.279296875,17800.0,2,0.9953640329929901
2010-08-11,18070.189453125,18263.880859375,18042.890625,18177.349609375,20200.0,2,0.9870554235994462
2010-08-12,18073.900390625,18113.619140625,17914.779296875,17972.650390625,19600.0,2,0.991966052498671
2010-08-13,18167.029296875,18260.390625,18050.419921875,18080.2890625,18600.0,2,0.9882756937030346
2010-08-16,18050.779296875,18203.919921875,17997.4609375,18169.80078125,16000.0,2,0.9948225344535269
2010-08-17,18048.849609375,18140.150390625,18026.0,18049.189453125,12800.0,2,0.9958661938535723
2010-08-18,18257.119140625,18286.0,18067.669921875,18067.669921875,14800.0,2,0.9697385766197931
2010-08-19,18454.939453125,18475.26953125,18276.5,18276.5,14600.0,2,0.9819721763439685
2010-08-20,18401.8203125,18464.140625,18360.900390625,18444.240234375,14200.0,2,0.9962836624769492
2010-08-23,18409.349609375,18454.380859375,18371.01953125,18400.330078125,11400.0,2,0.9968829768162457
2010-08-24,18311.58984375,18451.73046875,18260.7109375,18407.009765625,14400.0,2,0.9965539188608775
2010-08-25,18179.640625,18312.4296875,18156.0,18308.509765625,15800.0,2,0.9947909210400283
2010-08-26,18226.349609375,18261.060546875,18159.130859375,18194.779296875,12800.0,2,0.997136848947823
2010-08-27,17998.41015625,18248.359375,17944.16015625,18205.900390625,13600.0,2,0.9402448315823935
2010-08-30,18032.109375,18216.5,17960.23046875,18063.48046875,11600.0,2,0.9880350109487107
2010-08-31,17971.119140625,18015.66015625,17819.990234375,18015.66015625,16400.0,2,0.973100066389076
2010-09-01,18205.869140625,18227.140625,18027.119140625,18027.119140625,14400.0,2,0.9821245584376915
2010-09-02,18238.310546875,18355.83984375,18215.279296875,18215.279296875,13400.0,2,0.9885991721579689
2010-09-03,18221.4296875,18316.3203125,18206.5,18238.080078125,9400.0,2,0.9973887089446867
2010-09-06,18560.05078125,18600.30078125,18124.2890625,18124.2890625,18200.0,1,0.9999931330823733
2010-09-07,18645.060546875,18711.19921875,18571.4296875,18571.73046875,14600.0,2,0.9940538045189603
2010-09-08,18666.7109375,18721.2109375,18540.650390625,18627.669921875,20200.0,2,0.9949685912220243
2010-09-09,18799.66015625,18823.169921875,18669.119140625,18669.119140625,13200.0,2,0.994013208457363
2010-09-13,19208.330078125,19243.439453125,18845.310546875,18845.310546875,15800.0,1,0.999702888408182
2010-09-14,19346.9609375,19487.01953125,19218.130859375,19218.130859375,21000.0,2,0.7414248456418048
2010-09-15,19502.109375,19554.5,19340.990234375,19343.740234375,17400.0,2,0.9753008902433337
2010-09-16,19417.490234375,19636.66015625,19383.4609375,19476.9296875,16200.0,2,0.9473675783607451
2010-09-17,19594.75,19639.1796875,19436.7109375,19436.7109375,16600.0,2,0.9802504853787662
2010-09-20,19906.099609375,19927.30078125,19445.419921875,19445.419921875,19600.0,1,0.999993495296983
2010-09-21,20001.55078125,20088.9609375,19860.880859375,19925.7890625,15800.0,2,0.9919690475601124
2010-09-22,19941.720703125,20105.5390625,19804.01953125,20039.4296875,14400.0,2,0.9739367860384363
2010-09-23,19861.009765625,19998.3203125,19771.630859375,19944.30078125,11800.0,2,0.9960833567136931
2010-09-24,20045.1796875,20071.75,19833.51953125,19836.4296875,17400.0,2,0.9269579324362095
2010-09-27,20117.380859375,20267.98046875,20082.259765625,20082.259765625,17400.0,2,0.9404300731833813
2010-09-28,20104.859375,20157.509765625,19981.9609375,20114.369140625,13400.0,2,0.9952255889277999
2010-09-29,19956.33984375,20234.05078125,19923.109375,20086.890625,18800.0,2,0.7944076340940202
2010-09-30,20069.119140625,20114.73046875,19864.4609375,19931.490234375,15800.0,2,0.9767580356108122
2010-10-01,20445.0390625,20475.470703125,20094.099609375,20094.099609375,19200.0,1,0.9985192802476427
2010-10-04,20475.73046875,20706.740234375,20437.359375,20501.2109375,15000.0,2,0.7832592693949914
2010-10-05,20407.7109375,20560.5390625,20383.16015625,20461.98046875,17800.0,2,0.9903322615426577
2010-10-06,20543.080078125,20669.94921875,20447.05078125,20448.689453125,16200.0,2,0.9476208817918379
2010-10-07,20315.3203125,20581.2890625,20272.76953125,20544.30078125,19200.0,2,0.8873005984461371
2010-10-08,20250.259765625,20409.189453125,20145.740234375,20297.580078125,15400.0,2,0.9919732023443651
2010-10-11,20339.890625,20461.26953125,20250.259765625,20250.259765625,11600.0,2,0.9724740211518742
2010-10-12,20203.33984375,20368.400390625,20107.25,20357.7890625,13400.0,2,0.9804004263952831
2010-10-13,20687.880859375,20703.970703125,20211.66015625,20223.44921875,14400.0,1,0.9999905615472112
2010-10-14,20497.640625,20854.55078125,20442.8203125,20700.419921875,15200.0,1,0.9312423315007419
2010-10-15,20125.05078125,20578.44921875,20090.1796875,20518.5,9400.0,1,0.9998731022545163
2010-10-18,20168.890625,20229.390625,19870.509765625,20160.55078125,12600.0,1,0.9478238960524785
2010-10-19,19983.130859375,20332.01953125,19923.9609375,20298.55078125,12000.0,1,0.9331215265608785
2010-10-20,19872.150390625,20043.8203125,19822.66015625,19924.01953125,10600.0,2,0.9942816632835814
2010-10-21,20260.580078125,20293.099609375,19886.119140625,19951.33984375,12800.0,1,0.9984346463963154
2010-10-22,20165.859375,20351.740234375,20088.669921875,20334.140625,13200.0,2,0.9828027771305028
2010-10-25,20303.119140625,20452.30078125,20199.73046875,20199.73046875,12200.0,2,0.8639356284364987
2010-10-26,20221.390625,20344.6796875,20189.30078125,20325.439453125,10200.0,2,0.9970912039580921
2010-10-27,20005.369140625,20220.580078125,19923.7109375,20220.580078125,12000.0,2,0.933017789301053
2010-10-28,19941.0390625,20185.4609375,19869.3203125,20116.490234375,11600.0,2,0.9547071760093937
2010-10-29,20032.33984375,20080.330078125,19768.9609375,19986.3203125,14400.0,2,0.667575555779882
2010-11-01,20355.630859375,20609.650390625,20267.099609375,20272.490234375,5400.0,1,0.9906992367719568
2010-11-02,20345.689453125,20418.349609375,20281.73046875,20407.1796875,13200.0,2,0.995591134469989
2010-11-03,20465.740234375,20538.80078125,20426.1796875,20472.859375,10000.0,2,0.9969845876046033
2010-11-04,20893.5703125,20917.029296875,20605.630859375,20605.630859375,12800.0,1,0.7825376581919854
2010-11-08,20852.380859375,21075.7109375,20822.369140625,21041.970703125,13800.0,2,0.9808397075536095
2010-11-09,20932.48046875,20984.080078125,20762.810546875,20851.91015625,11800.0,2,0.9936664957478133
2010-11-10,20875.7109375,20970.91015625,20849.919921875,20917.5390625,15200.0,2,0.9939059072883225
2010-11-11,20589.08984375,20937.380859375,20544.220703125,20930.44921875,12600.0,1,0.9301714193266798
2010-11-12,20156.890625,20593.91015625,20108.400390625,20529.740234375,14600.0,1,0.9997604876800172
2010-11-15,20309.689453125,20335.509765625,20046.599609375,20167.619140625,14200.0,2,0.8801668577663146
2010-11-16,19865.140625,20380.099609375,19832.220703125,20371.73046875,15200.0,1,0.9999933283499529
2010-11-18,19930.640625,20056.439453125,19615.509765625,19997.830078125,21800.0,1,0.9994526676243927
2010-11-19,19585.439453125,19983.890625,19504.869140625,19982.75,16400.0,1,0.9998249177413181
2010-11-22,19957.58984375,19989.01953125,19641.419921875,19713.83984375,11000.0,1,0.8186786888667031
2010-11-23,19691.83984375,19841.419921875,19342.689453125,19841.419921875,14200.0,1,0.9999837433306272
2010-11-24,19459.849609375,19835.5703125,19375.919921875,19735.279296875,12200.0,1,0.9915327489920637
2010-11-25,19318.16015625,19628.26953125,19257.369140625,19560.25,13800.0,2,0.5076802757433218
2010-11-26,19136.609375,19417.609375,18954.8203125,19391.9609375,25200.0,1,0.9975941772772473
2010-11-29,19405.099609375,19450.08984375,19167.189453125,19230.33984375,12400.0,2,0.9246389681746897
2010-11-30,19521.25,19610.4609375,19218.01953125,19373.23046875,18800.0,1,0.8470236899607722
2010-12-01,19850.0,19887.259765625,19525.150390625,19529.990234375,15000.0,1,0.9899328684281898
2010-12-02,19992.69921875,20084.25,19917.76953125,20038.66015625,16600.0,2,0.9960175625087171
2010-12-03,19966.9296875,20067.810546875,19877.119140625,20007.890625,13800.0,2,0.9968866127951576
2010-12-06,19981.310546875,20217.859375,19944.7109375,20038.25,14000.0,2,0.8897739365727284
2010-12-07,19934.640625,20008.359375,19824.439453125,19982.900390625,13400.0,2,0.9948256986646757
2010-12-08,19696.48046875,19875.509765625,19611.349609375,19874.30078125,12600.0,2,0.9759697662128238
2010-12-09,19242.359375,19771.08984375,19160.869140625,19746.150390625,17200.0,1,0.9999934174156389
2010-12-10,19508.890625,19537.400390625,19074.5703125,19201.890625,16000.0,1,0.9999755890750524
2010-12-13,19691.779296875,19710.5703125,19321.41015625,19600.279296875,15400.0,1,0.9989670630120083
2010-12-14,19799.189453125,19836.8203125,19621.41015625,19746.75,13400.0,2,0.991236313876383
2010-12-15,19647.76953125,19817.609375,19571.4296875,19791.220703125,14000.0,2,0.989961718789314
2010-12-16,19864.849609375,19897.220703125,19554.349609375,19698.580078125,15400.0,1,0.660112071006374
2010-12-20,19888.880859375,20006.16015625,19711.119140625,19770.01953125,11200.0,2,0.941609264332351
2010-12-21,20060.3203125,20090.83984375,19925.759765625,19925.759765625,14200.0,2,0.9912260851534289
2010-12-22,20015.80078125,20151.25,19931.310546875,20118.8203125,12000.0,2,0.9952938172228585
2010-12-23,19982.880859375,20076.080078125,19939.30078125,20038.830078125,7600.0,2,0.9984151379251617
2010-12-24,20073.66015625,20086.419921875,19880.359375,19911.4609375,16400.0,2,0.9813598079171404
2010-12-27,20028.9296875,20190.130859375,20010.330078125,20062.599609375,9800.0,2,0.9916042860062582
2010-12-28,20025.419921875,20090.41015625,19981.759765625,20056.470703125,10600.0,2,0.9971146271915443
2010-12-29,20256.029296875,20274.19921875,20054.640625,20060.880859375,10000.0,2,0.9749166258288866
2010-12-30,20389.0703125,20410.91015625,20274.119140625,20274.119140625,10600.0,2,0.9950810633925112
2010-12-31,20509.08984375,20552.029296875,20412.759765625,20412.759765625,12600.0,2,0.9940006828117415
2011-01-03,20561.05078125,20664.80078125,20531.0,20621.609375,12000.0,2,0.9964961484090672
2011-01-04,20498.720703125,20651.2109375,20449.009765625,20617.380859375,15200.0,2,0.9942741320709857
2011-01-05,20301.099609375,20509.94921875,20243.94921875,20509.94921875,14400.0,2,0.9667851669378504
2011-01-06,20184.740234375,20425.849609375,20107.169921875,20395.5,16600.0,2,0.899924693536292
2011-01-07,19691.810546875,20210.619140625,19629.220703125,20163.849609375,15800.0,1,0.99999361864629
2011-01-10,19224.119140625,19720.4296875,19158.4296875,19714.419921875,17200.0,1,0.9999943724098129
2011-01-11,19196.33984375,19431.560546875,19003.599609375,19279.76953125,20000.0,1,0.7609757020646765
2011-01-12,19534.099609375,19574.630859375,19048.560546875,19353.33984375,19400.0,1,0.9999922501141588
2011-01-13,19182.8203125,19522.380859375,19136.26953125,19492.30078125,16800.0,1,0.872717404445749
2011-01-14,18860.439453125,19447.8203125,18811.9609375,19198.0390625,15800.0,1,0.9999800494829022
2011-01-17,18882.25,19018.939453125,18779.380859375,18911.4296875,17800.0,2,0.9940443765510895
2011-01-18,19092.05078125,19120.619140625,18933.470703125,18983.19921875,14400.0,2,0.9940156225412003
2011-01-19,18978.3203125,19167.060546875,18898.560546875,19153.310546875,16200.0,2,0.9737172580058145
2011-01-20,19046.5390625,19100.259765625,18794.73046875,18892.4296875,12800.0,2,0.8834115323239935
2011-01-21,19007.529296875,19065.33984375,18932.400390625,19007.080078125,11000.0,2,0.9980357253633637
2011-01-24,19151.279296875,19194.4609375,18998.380859375,19095.689453125,11600.0,2,0.9962302628217671
2011-01-25,18969.44921875,19340.990234375,18949.439453125,19227.419921875,13400.0,1,0.9295859491390905
2011-01-27,18684.4296875,19086.689453125,18656.05078125,19086.689453125,13800.0,1,0.9980773306852372
2011-01-28,18395.970703125,18723.119140625,18235.44921875,18708.619140625,18600.0,1,0.9998002017091974
2011-01-31,18327.759765625,18395.08984375,18038.48046875,18226.2109375,19800.0,1,0.6148186622598345
2011-02-01,18022.220703125,18452.060546875,17982.169921875,18425.1796875,20200.0,1,0.9998226080511438
2011-02-02,18090.619140625,18306.0,18042.609375,18216.91015625,22800.0,2,0.9764746385726109
2011-02-03,18449.310546875,18466.2109375,18064.609375,18113.73046875,21600.0,1,0.999337927067518
2011-02-04,18008.150390625,18542.19921875,17926.98046875,18450.0703125,23000.0,1,0.9999943584968801
2011-02-07,18037.189453125,18180.939453125,17977.009765625,18135.01953125,13000.0,2,0.9967983681193361
2011-02-08,17775.69921875,18141.509765625,17742.1796875,18141.509765625,14200.0,1,0.9810994697649983
2011-02-09,17592.76953125,17864.3203125,17508.349609375,17723.990234375,30200.0,2,0.7284787140654134
2011-02-10,17463.0390625,17636.880859375,17362.58984375,17603.2890625,25200.0,2,0.9684614502998011
2011-02-11,17728.609375,17752.560546875,17295.619140625,17519.130859375,25400.0,1,0.9999676081022862
2011-02-14,18202.19921875,18227.619140625,17857.119140625,17940.16015625,21800.0,1,0.9728178093272591
2011-02-15,18273.80078125,18361.66015625,18050.48046875,18260.080078125,23600.0,2,0.8796836099175509
2011-02-16,18300.900390625,18358.83984375,18216.119140625,18273.060546875,18800.0,2,0.9959862172758768
2011-02-17,18506.8203125,18532.609375,18233.7890625,18345.119140625,16600.0,2,0.7945925720356233
2011-02-18,18211.51953125,18690.970703125,18159.8203125,18564.080078125,22000.0,1,0.9999909205664231
2011-02-21,18438.310546875,18457.490234375,18082.66015625,18238.5390625,19200.0,1,0.9747910241418681
2011-02-22,18296.16015625,18457.900390625,18187.330078125,18390.720703125,19800.0,2,0.9860007401349189
2011-02-23,18178.330078125,18377.48046875,18150.009765625,18233.76953125,22200.0,2,0.9632872404319099
2011-02-24,17632.41015625,18135.119140625,17559.69921875,18135.119140625,23000.0,1,0.9999945755782407
2011-02-25,17700.91015625,17812.439453125,17469.970703125,17775.080078125,21800.0,1,0.7290365309681334
2011-02-28,17823.400390625,18296.529296875,17718.880859375,17811.080078125,30000.0,1,0.9998909163731491
2011-03-01,18446.5,18478.6796875,17964.390625,17982.279296875,24800.0,1,0.9999925338635112
2011-03-03,18489.759765625,18603.5703125,18253.619140625,18318.3203125,28600.0,1,0.5527161760906995
2011-03-04,18486.44921875,18736.970703125,18448.689453125,18622.69921875,19800.0,2,0.9355594590861368
2011-03-07,18222.669921875,18363.44921875,18058.7109375,18361.650390625,15200.0,2,0.7788957425033961
2011-03-08,18439.650390625,18466.810546875,18266.619140625,18277.33984375,13800.0,2,0.9871677542683512
2011-03-09,18469.94921875,18583.30078125,18303.80078125,18522.80078125,22600.0,2,0.964935481844741
2011-03-10,18327.98046875,18430.83984375,18261.259765625,18430.83984375,18600.0,2,0.992904407391609
2011-03-11,18174.08984375,18368.4296875,18063.2890625,18248.109375,20600.0,2,0.97060567931069
2011-03-14,18439.48046875,18463.83984375,18155.4296875,18167.099609375,15400.0,1,0.7069737560659028
2011-03-15,18167.640625,18326.330078125,17920.55078125,18113.7890625,22400.0,1,0.7040069702085723
2011-03-16,18358.689453125,18444.470703125,18263.6796875,18263.6796875,16200.0,2,0.9880143691018102
2011-03-17,18149.869140625,18354.26953125,18104.01953125,18227.16015625,18200.0,2,0.9795978140683169
2011-03-18,17878.810546875,18259.609375,17849.529296875,18251.1796875,16400.0,1,0.9910748095936446
2011-03-21,17839.05078125,18007.73046875,17792.169921875,17984.720703125,12400.0,2,0.9949464144061086
2011-03-22,17988.30078125,18041.380859375,17878.80078125,17929.08984375,11800.0,2,0.9977888089836928
2011-03-23,18206.16015625,18218.279296875,17950.169921875,17972.0390625,13400.0,2,0.8234353132272708
2011-03-24,18350.740234375,18373.970703125,18269.3203125,18286.419921875,11200.0,2,0.9973144621252993
2011-03-25,18815.640625,18858.30078125,18480.689453125,18480.689453125,15200.0,1,0.997754808775783
2011-03-28,18943.140625,19024.1796875,18799.5703125,18799.7109375,12800.0,2,0.9745410363906517
2011-03-29,19120.80078125,19226.2109375,18944.8203125,18949.5703125,17200.0,2,0.7756808939372298
2011-03-30,19290.1796875,19357.099609375,19178.76953125,19178.76953125,12200.0,2,0.9922381417402221
2011-03-31,19445.220703125,19575.16015625,19284.349609375,19339.75,16200.0,2,0.9274974577891657
2011-04-01,19420.390625,19562.55078125,19382.349609375,19463.109375,12400.0,2,0.9959354450652192
2011-04-04,19701.73046875,19729.599609375,19449.359375,19473.9296875,10600.0,2,0.8242362022444504
2011-04-05,19686.8203125,19770.2109375,19523.5390625,19731.380859375,12600.0,2,0.9824089753941034
2011-04-06,19612.19921875,19811.140625,19550.55078125,19698.609375,14400.0,2,0.9879552420382256
2011-04-07,19591.1796875,19665.08984375,19537.01953125,19620.880859375,9600.0,2,0.9981066361601051
2011-04-08,19451.44921875,19697.2109375,19388.419921875,19602.810546875,10400.0,2,0.9659646278120015
2011-04-11,19262.5390625,19426.30078125,19242.58984375,19382.91015625,9400.0,2,0.9970290131481322
2011-04-13,19696.859375,19737.330078125,19101.630859375,19187.009765625,17800.0,1,0.9999822319411372
2011-04-15,19386.8203125,19700.9609375,19337.119140625,19670.0703125,17000.0,1,0.6234193720916463
2011-04-18,19091.169921875,19649.220703125,19071.470703125,19389.740234375,13800.0,1,0.9999745132767485
2011-04-19,19121.830078125,19201.919921875,18976.189453125,19091.779296875,11400.0,2,0.9962813428262688
2011-04-20,19470.98046875,19484.76953125,19171.029296875,19274.2109375,15400.0,2,0.537720188040725
2011-04-21,19602.23046875,19695.98046875,19530.5,19582.5,15200.0,2,0.9959154611823996
2011-04-25,19584.310546875,19697.490234375,19531.33984375,19538.51953125,11400.0,2,0.9909945405829121
2011-04-26,19545.349609375,19626.130859375,19306.919921875,19596.3203125,11600.0,1,0.5762442756942955
2011-04-27,19448.689453125,19633.630859375,19412.7890625,19610.7109375,13400.0,2,0.9921104345812934
2011-04-28,19292.01953125,19542.05078125,19265.919921875,19532.849609375,14000.0,2,0.944202867799581
2011-04-29,19135.9609375,19356.5,19015.05078125,19292.5703125,10600.0,2,0.91618587501086
2011-05-02,18998.01953125,19253.869140625,18954.759765625,19224.05078125,9400.0,2,0.952425838632593
2011-05-03,18534.689453125,19024.94921875,18502.419921875,18979.310546875,13400.0,1,0.9999907572085457
2011-05-04,18469.359375,18604.359375,18339.529296875,18558.330078125,13000.0,2,0.9879135453090427
2011-05-05,18210.580078125,18569.2109375,18160.650390625,18484.7109375,14800.0,1,0.9340739891606888
2011-05-06,18518.810546875,18568.48046875,18271.6796875,18289.779296875,30200.0,2,0.643654027356284
2011-05-09,18528.9609375,18643.580078125,18367.2109375,18628.630859375,9200.0,2,0.9571980604843408
2011-05-10,18512.76953125,18689.369140625,18429.060546875,18564.94921875,13200.0,2,0.9917504404018878
2011-05-11,18584.9609375,18622.439453125,18454.9296875,18572.609375,10000.0,2,0.9971752678886782
2011-05-12,18335.7890625,18610.01953125,18314.33984375,18525.3203125,10200.0,2,0.9416945206911133
2011-05-13,18531.279296875,18724.5390625,18280.69921875,18362.44921875,12600.0,1,0.9983656325566671
2011-05-16,18345.029296875,18492.6796875,18319.880859375,18492.6796875,9400.0,2,0.9970080415531395
2011-05-17,18137.349609375,18435.80078125,18084.669921875,18374.44921875,14200.0,2,0.6662611906841863
2011-05-18,18086.19921875,18218.19921875,18020.7890625,18177.3203125,12400.0,2,0.9972102914802132
2011-05-19,18141.400390625,18198.44921875,18057.8203125,18166.640625,13400.0,2,0.9972700491419091
2011-05-20,18326.08984375,18429.470703125,18161.380859375,18199.9609375,17000.0,2,0.951510802878423
2011-05-23,17993.330078125,18269.060546875,17971.01953125,18269.060546875,10400.0,2,0.8795253784363622
2011-05-24,18011.970703125,18110.390625,17933.939453125,18016.4296875,12600.0,2,0.9979016750751271
2011-05-25,17847.240234375,17976.359375,17786.130859375,17976.359375,10200.0,2,0.9965873184835685
2011-05-26,18044.640625,18072.609375,17862.880859375,17917.109375,12600.0,2,0.9922585739083603
2011-05-27,18266.099609375,18298.640625,18087.16015625,18105.609375,12800.0,2,0.9869699301463832
2011-05-30,18232.060546875,18380.169921875,18199.51953125,18319.740234375,11600.0,2,0.9973036576072275
2011-05-31,18503.279296875,18526.80078125,18266.609375,18266.609375,14600.0,2,0.8291656672062218
2011-06-01,18608.810546875,18636.119140625,18514.66015625,18527.119140625,12600.0,2,0.9965797228302002
2011-06-02,18494.1796875,18540.669921875,18390.5703125,18425.849609375,15400.0,2,0.996298967562454
2011-06-03,18376.48046875,18672.650390625,18345.849609375,18554.400390625,14400.0,2,0.7645821589002235
2011-06-06,18420.109375,18458.630859375,18258.419921875,18344.26953125,8800.0,2,0.996996697414155
2011-06-07,18495.619140625,18545.94921875,18351.240234375,18355.30078125,10000.0,2,0.9926935121690205
2011-06-08,18394.2890625,18505.099609375,18365.939453125,18448.400390625,10800.0,2,0.9979187699391684
2011-06-09,18384.900390625,18449.640625,18327.009765625,18394.5703125,10000.0,2,0.9983979229749175
2011-06-10,18268.5390625,18399.01953125,18182.900390625,18390.41015625,9600.0,2,0.995448902292883
2011-06-13,18266.029296875,18313.2109375,18120.759765625,18242.25,10400.0,2,0.9968837413286238
2011-06-14,18308.66015625,18380.189453125,18261.109375,18276.779296875,26800.0,2,0.9878723003766754
2011-06-15,18132.240234375,18308.689453125,18111.2109375,18298.58984375,9600.0,2,0.995905484131505
2011-06-16,17985.880859375,18155.099609375,17958.939453125,18060.109375,10600.0,2,0.9960653277617557
2011-06-17,17870.529296875,18064.759765625,17844.08984375,18060.169921875,10800.0,2,0.992239454131129
2011-06-20,17506.630859375,17925.169921875,17314.380859375,17925.169921875,12800.0,1,0.9999876465662068
2011-06-21,17560.30078125,17714.880859375,17504.26953125,17574.369140625,11400.0,2,0.9944146340008332
2011-06-22,17550.630859375,17678.859375,17492.189453125,17659.369140625,9600.0,2,0.9978791767697825
2011-06-23,17727.490234375,17754.55078125,17482.2109375,17526.919921875,11400.0,2,0.9104076585475278
2011-06-24,18240.6796875,18268.94921875,17804.939453125,17804.939453125,14800.0,1,0.9999912012044653
2011-06-27,18412.41015625,18494.109375,18132.69921875,18132.69921875,13400.0,1,0.9818949433957149
2011-06-28,18492.44921875,18527.44921875,18323.439453125,18493.58984375,11400.0,2,0.9874775333229714
2011-06-29,18693.859375,18715.390625,18552.189453125,18552.189453125,13800.0,2,0.9926326012825574
2011-06-30,18845.869140625,18873.390625,18723.140625,18741.099609375,11400.0,2,0.996521057160657
2011-07-01,18762.80078125,19031.380859375,18713.0703125,18974.9609375,14000.0,2,0.9022257689480943
2011-07-04,18814.48046875,18942.419921875,18781.880859375,18896.240234375,12200.0,2,0.9973489981194972
2011-07-05,18744.560546875,18837.880859375,18694.05078125,18837.880859375,12200.0,2,0.9966570429876098
2011-07-06,18726.970703125,18823.44921875,18682.599609375,18730.2890625,8400.0,2,0.9982779491542211
2011-07-07,19078.30078125,19097.779296875,18767.25,18776.619140625,11400.0,1,0.9197114051477916
2011-07-08,18858.0390625,19131.69921875,18817.7109375,19084.060546875,12200.0,2,0.9051868751671722
2011-07-11,18721.390625,18843.970703125,18679.490234375,18823.189453125,9200.0,2,0.9980587647946969
2011-07-12,18411.619140625,18589.189453125,18326.419921875,18534.109375,10600.0,2,0.992933519383458
2011-07-13,18596.01953125,18626.41015625,18465.400390625,18468.8203125,9800.0,2,0.9960345187648977
2011-07-14,18618.19921875,18803.05078125,18449.23046875,18563.689453125,11800.0,2,0.7503126671969681
2011-07-15,18561.919921875,18936.4296875,18513.220703125,18694.189453125,6800.0,1,0.9969230500372752
2011-07-18,18507.0390625,18622.560546875,18469.529296875,18592.189453125,9000.0,2,0.9983780022628184
2011-07-19,18653.869140625,18690.419921875,18481.830078125,18521.380859375,8400.0,2,0.9947592808989721
2011-07-20,18502.380859375,18765.599609375,18473.900390625,18756.310546875,9800.0,2,0.9337237658034883
2011-07-21,18436.189453125,18566.990234375,18415.359375,18514.650390625,8000.0,2,0.9983982911201496
2011-07-22,18722.30078125,18747.060546875,18533.4296875,18565.0390625,14800.0,2,0.9849497860236904
2011-07-25,18871.2890625,18932.26953125,18670.83984375,18753.349609375,22800.0,2,0.9724666736399257
2011-07-26,18518.220703125,18944.599609375,18481.630859375,18898.189453125,15600.0,1,0.9994988781628551
2011-07-27,18432.25,18578.55078125,18358.759765625,18571.150390625,14200.0,2,0.9920819474304351
2011-07-28,18209.51953125,18327.849609375,18188.880859375,18300.55078125,12200.0,2,0.9973124080659325
2011-07-29,18197.19921875,18334.26953125,18131.859375,18194.150390625,16200.0,2,0.9928722543810364
2011-08-01,18314.330078125,18440.0703125,18219.25,18352.23046875,9600.0,2,0.99785402906613
2011-08-02,18109.890625,18283.55078125,18037.869140625,18283.55078125,11000.0,2,0.9878904065082394
2011-08-03,17940.55078125,18005.759765625,17859.5,17970.189453125,13400.0,2,0.9975289203528016
2011-08-04,17693.1796875,18032.55078125,17664.73046875,17983.859375,11000.0,1,0.7096308302395244
2011-08-05,17305.869140625,17358.1796875,16990.91015625,17350.369140625,20400.0,1,0.9995386131743902
2011-08-08,16990.1796875,17247.869140625,16759.44921875,16907.5703125,20000.0,1,0.9997314289971263
2011-08-09,16857.91015625,17135.0390625,16432.0,16517.869140625,23800.0,1,0.9999649259190504
2011-08-10,17130.509765625,17256.4609375,17022.25,17244.7109375,15600.0,2,0.9873869507024198
2011-08-11,17059.400390625,17207.8203125,17012.94921875,17056.609375,9400.0,2,0.9944912478348515
2011-08-12,16839.630859375,17246.880859375,16784.560546875,17246.880859375,13400.0,1,0.9997825087876757
2011-08-16,16730.939453125,17035.490234375,16673.51953125,17015.990234375,12600.0,1,0.630759118131287
2011-08-17,16840.80078125,17000.380859375,16708.98046875,16782.240234375,15000.0,2,0.9397591414820945
2011-08-18,16469.7890625,16916.810546875,16433.310546875,16910.26953125,14600.0,1,0.9999749068529823
2011-08-19,16141.669921875,16287.7197265625,15987.76953125,16237.7802734375,16400.0,2,0.9447949227746802
2011-08-22,16341.7001953125,16370.4599609375,16046.48046875,16155.990234375,11600.0,2,0.5251609586551369
2011-08-23,16498.470703125,16549.2109375,16213.1796875,16446.849609375,11400.0,1,0.6926169554153322
2011-08-24,16284.98046875,16533.220703125,16253.7802734375,16490.779296875,13600.0,2,0.9617818547470985
2011-08-25,16146.330078125,16373.83984375,16104.33984375,16338.1396484375,12200.0,2,0.979827652128079
2011-08-26,15848.830078125,16256.3798828125,15765.5302734375,16155.5498046875,14200.0,1,0.9997395084864055
2011-08-29,16416.330078125,16462.029296875,16068.73046875,16080.740234375,11200.0,1,0.9992641151066666
2011-08-30,16676.75,16714.69921875,16443.349609375,16585.099609375,15200.0,2,0.9474785512440962
2011-09-02,16821.4609375,16989.859375,16688.060546875,16963.669921875,12800.0,2,0.9410384130276938
2011-09-05,16713.330078125,16760.0703125,16561.4609375,16678.33984375,12200.0,2,0.9964168796673155
2011-09-06,16862.810546875,16894.73046875,16488.30078125,16663.73046875,14600.0,1,0.9967571595916817
2011-09-07,17065.0,17157.2109375,16922.310546875,16922.310546875,17400.0,2,0.9511650668848436
2011-09-08,17165.5390625,17209.66015625,16987.369140625,17118.080078125,12200.0,2,0.9929711614187045
2011-09-09,16866.970703125,17211.80078125,16830.94921875,17189.75,11800.0,1,0.8885873496000359
2011-09-12,16501.740234375,16668.25,16393.0390625,16668.25,13400.0,2,0.9578189106528363
2011-09-13,16467.439453125,16766.189453125,16374.6796875,16618.169921875,14600.0,1,0.6706717222339436
2011-09-14,16709.599609375,16754.220703125,16387.380859375,16522.7109375,16000.0,1,0.8959481606820452
2011-09-15,16876.5390625,16922.400390625,16545.470703125,16837.759765625,15400.0,1,0.9951656634751669
2011-09-16,16933.830078125,17122.5390625,16889.580078125,17047.73046875,20400.0,2,0.9891128719831844
2011-09-19,16745.349609375,16865.9296875,16709.41015625,16865.9296875,11600.0,2,0.99744072845426
2011-09-20,17099.279296875,17135.439453125,16758.689453125,16768.630859375,14200.0,1,0.9976074708272631
2011-09-21,17065.150390625,17191.119140625,17000.609375,17128.830078125,13400.0,2,0.9976448756221599
2011-09-22,16361.150390625,16833.609375,16316.0302734375,16827.849609375,18400.0,1,0.9999941713113478
2011-09-23,16162.0595703125,16368.41015625,16052.4697265625,16222.3701171875,22000.0,2,0.9391873215640065
2011-09-26,16051.099609375,16209.1904296875,15801.009765625,16209.1904296875,18800.0,1,0.9987129800290236
2011-09-27,16524.029296875,16551.650390625,16282.740234375,16289.3203125,16200.0,2,0.7782026079912926
2011-09-28,16446.01953125,16663.259765625,16363.6298828125,16663.259765625,19600.0,2,0.8649149824961324
2011-09-29,16698.0703125,16756.080078125,16316.66015625,16387.91015625,19200.0,1,0.999882725007178
2011-09-30,16453.759765625,16745.16015625,16404.779296875,16599.740234375,20000.0,2,0.595363247581914
2011-10-03,16151.4501953125,16255.9697265625,16056.330078125,16255.9697265625,17000.0,2,0.9910530354708752
2011-10-04,15864.8603515625,16202.3798828125,15745.4296875,16081.76953125,19600.0,1,0.9899864018586315
2011-10-05,15792.41015625,16044.91015625,15760.5302734375,15967.7197265625,18800.0,2,0.939655110233559
2011-10-07,16232.5400390625,16347.48046875,16148.9697265625,16222.490234375,16800.0,2,0.9958753153619223
2011-10-10,16557.23046875,16595.9296875,16230.76953125,16270.0703125,17200.0,1,0.9828054231499146
2011-10-11,16536.470703125,16774.119140625,16510.7109375,16668.150390625,20000.0,2,0.9561601707406497
2011-10-12,16958.390625,16987.060546875,16608.5703125,16660.4296875,21200.0,1,0.9936502248196125
2011-10-13,16883.919921875,17084.0703125,16854.029296875,17048.0,18000.0,2,0.9873745180587822
2011-10-14,17082.689453125,17112.44921875,16828.44921875,16836.830078125,15400.0,2,0.6399843020142054
2011-10-17,17025.08984375,17188.55078125,16928.380859375,17176.05078125,18400.0,2,0.9740531423032313
2011-10-18,16748.2890625,16824.759765625,16669.0390625,16817.380859375,14000.0,2,0.9966301476254787
2011-10-19,17085.33984375,17106.990234375,16874.33984375,16883.359375,11400.0,2,0.9653751415337382
2011-10-20,16936.890625,16962.060546875,16744.990234375,16911.849609375,12000.0,2,0.9808600896863351
2011-10-21,16785.640625,17032.3203125,16752.2109375,16975.7890625,13800.0,2,0.9659248614254344
2011-10-24,16939.279296875,17104.880859375,16898.599609375,17011.060546875,12600.0,2,0.9960516576358652
2011-10-25,17254.859375,17322.130859375,16900.259765625,17012.7890625,17600.0,1,0.9971411108569181
2011-10-28,17804.80078125,17908.130859375,17671.859375,17671.859375,23800.0,2,0.92846450247167
2011-10-31,17705.009765625,17813.109375,17668.26953125,17806.2109375,15800.0,2,0.9959232642160355
2011-11-01,17480.830078125,17661.779296875,17422.470703125,17540.55078125,17600.0,2,0.9891679068297062
2011-11-02,17464.849609375,17615.919921875,17337.650390625,17347.69921875,15400.0,2,0.7526559835521436
2011-11-03,17481.9296875,17527.099609375,17278.029296875,17430.689453125,17000.0,2,0.9750411742725724
2011-11-04,17562.609375,17702.259765625,17474.390625,17674.69921875,18400.0,2,0.9911714489791623
2011-11-08,17569.529296875,17632.23046875,17455.220703125,17593.669921875,11000.0,2,0.9974450388963754
2011-11-09,17362.099609375,17658.33984375,17331.23046875,17641.98046875,15000.0,2,0.6587933947445207
2011-11-11,17192.8203125,17279.23046875,17096.83984375,17187.890625,18200.0,2,0.996699631408074
2011-11-14,17118.740234375,17391.990234375,17094.4296875,17348.51953125,15000.0,2,0.9034597498888942
2011-11-15,16882.669921875,17172.08984375,16837.560546875,17081.619140625,18000.0,2,0.7518433195018868
2011-11-16,16775.869140625,16878.30078125,16641.650390625,16872.30078125,19600.0,2,0.969859854266985
2011-11-17,16461.7109375,16807.150390625,16408.5,16754.6796875,17000.0,1,0.9326044041941826
2011-11-18,16371.509765625,16396.689453125,16164.990234375,16387.69921875,21600.0,2,0.7799411964616594
2011-11-21,15946.099609375,16297.0302734375,15900.2998046875,16297.0302734375,21400.0,1,0.9834411333234344
2011-11-22,16065.419921875,16212.9501953125,15970.1103515625,15995.6904296875,19400.0,2,0.9407544313823651
2011-11-23,15699.9697265625,15969.599609375,15478.6904296875,15969.599609375,17400.0,1,0.9999811672319898
2011-11-24,15858.490234375,15901.2998046875,15479.9697265625,15715.8095703125,18600.0,1,0.9992661404079642
2011-11-25,15695.4296875,15891.0498046875,15645.7802734375,15781.25,19200.0,2,0.9851141232913861
2011-11-28,16167.1298828125,16186.6796875,15888.2802734375,15890.7998046875,20200.0,1,0.7286879561805976
2011-11-29,16008.33984375,16210.3701171875,15952.5400390625,16210.3701171875,14800.0,2,0.9732723383869307
2011-11-30,16123.4599609375,16179.5595703125,15849.5703125,15868.9599609375,16800.0,1,0.8375497647561033
2011-12-01,16483.44921875,16718.109375,16430.609375,16555.9296875,19800.0,2,0.9055877499227357
2011-12-02,16846.830078125,16888.83984375,16428.66015625,16493.98046875,28600.0,1,0.9999845842663482
2011-12-05,16805.330078125,16863.099609375,16691.2109375,16812.30078125,13400.0,2,0.9973585476497211
2011-12-07,16877.060546875,17003.7109375,16781.619140625,16830.0390625,14000.0,2,0.9911659741758806
2011-12-08,16488.240234375,16847.8203125,16421.55078125,16819.740234375,16000.0,1,0.9907038055629158
2011-12-09,16213.4599609375,16382.5703125,16142.3203125,16258.4404296875,18400.0,2,0.9903164284855994
2011-12-12,15870.349609375,16360.3203125,15839.9599609375,16354.9599609375,21200.0,1,0.9999947783077707
2011-12-13,16002.509765625,16079.3798828125,15771.58984375,15778.6201171875,23600.0,1,0.6250788567859419
2011-12-14,15881.1396484375,16133.41015625,15855.1201171875,15963.75,19000.0,2,0.8030008315000071
2011-12-15,15836.4697265625,15908.01953125,15596.2197265625,15739.0498046875,19800.0,2,0.8649179745022613
2011-12-16,15491.349609375,16068.900390625,15425.2001953125,15868.7802734375,20400.0,1,0.999989242835457
2011-12-19,15379.33984375,15440.099609375,15190.740234375,15440.099609375,18000.0,2,0.8250954989328604
2011-12-20,15175.080078125,15448.1298828125,15135.8603515625,15436.1201171875,20800.0,2,0.7123444348486931
2011-12-21,15685.2099609375,15727.3095703125,15377.0400390625,15487.75,22000.0,1,0.8239089999226197
2011-12-22,15813.3603515625,15834.6298828125,15472.7001953125,15546.66015625,18800.0,1,0.9759356325360575
2011-12-23,15738.7001953125,15911.23046875,15671.2802734375,15863.4296875,17000.0,2,0.9916258504684661
2011-12-26,15970.75,15998.4404296875,15761.1796875,15782.169921875,11800.0,2,0.9703576814426629
2011-12-27,15873.9501953125,16049.1201171875,15799.6298828125,15983.98046875,10800.0,2,0.9951694729948161
2011-12-28,15727.849609375,15887.7998046875,15666.4599609375,15854.3603515625,11800.0,2,0.9961520547747728
2011-12-29,15543.9296875,15724.599609375,15515.4404296875,15658.9404296875,12800.0,2,0.9956908718490066
2011-12-30,15454.919921875,15694.0498046875,15406.9296875,15583.5498046875,12800.0,2,0.9669364078666293
2012-01-03,15939.3603515625,15970.3095703125,15640.5595703125,15640.5595703125,16200.0,1,0.9481178139197415
2012-01-04,15882.6396484375,16004.6904296875,15822.3203125,15967.490234375,17800.0,2,0.9963209677674979
2012-01-05,15857.080078125,15980.169921875,15809.3095703125,15893.0703125,21200.0,2,0.9951657267433752
2012-01-06,15867.73046875,16001.3095703125,15664.91015625,15789.080078125,17200.0,2,0.8396729888212563
2012-01-09,15814.7197265625,15871.509765625,15678.2998046875,15840.2197265625,11200.0,2,0.9957217391905735
2012-01-10,16165.08984375,16180.9697265625,15898.3203125,15898.3203125,19600.0,1,0.5402938642632577
2012-01-11,16175.8603515625,16244.7001953125,16127.76953125,16222.3701171875,18600.0,2,0.9961304724674607
2012-01-12,16037.509765625,16178.580078125,15962.58984375,16117.1904296875,14400.0,2,0.9965895343081037
2012-01-13,16154.6201171875,16257.33984375,16049.7802734375,16144.5703125,19600.0,2,0.9955017688541198
2012-01-16,16189.3603515625,16214.3603515625,16037.599609375,16086.740234375,13400.0,2,0.9962872012871311
2012-01-17,16466.05078125,16501.380859375,16270.8701171875,16270.8701171875,18800.0,2,0.9457740304711593
2012-01-18,16451.470703125,16517.9609375,16384.48046875,16502.419921875,16200.0,2,0.9966949796577178
2012-01-19,16643.740234375,16662.060546875,16572.099609375,16573.869140625,16800.0,2,0.9951145762563602
2012-01-20,16739.009765625,16788.48046875,16611.7109375,16745.009765625,18000.0,2,0.9943432959508188
2012-01-23,16751.73046875,16784.0,16659.3203125,16667.01953125,15000.0,2,0.9964493271554625
2012-01-24,16995.76953125,17050.3203125,16770.009765625,16806.720703125,18200.0,2,0.8692805790925389
2012-01-25,17077.1796875,17130.240234375,17016.689453125,17068.849609375,14000.0,2,0.9976632967573466
2012-01-27,17233.98046875,17258.970703125,17106.5703125,17201.330078125,17200.0,2,0.9951823569775308
2012-01-30,16863.30078125,17138.0390625,16828.330078125,17138.0390625,14400.0,2,0.782506448973457
2012-01-31,17193.55078125,17238.990234375,16965.580078125,16965.580078125,18600.0,2,0.7388534054198926
2012-02-01,17300.580078125,17327.2109375,17061.55078125,17179.640625,47400.0,2,0.9770386171958138
2012-02-02,17431.849609375,17504.25,17308.279296875,17438.0703125,27000.0,2,0.9927530376649787
2012-02-03,17604.9609375,17630.529296875,17382.69921875,17444.25,16600.0,2,0.9642337786665599
2012-02-06,17707.310546875,17829.720703125,17595.099609375,17741.91015625,17600.0,2,0.9946624629203193
2012-02-07,17622.44921875,17832.0390625,17582.490234375,17813.740234375,16800.0,2,0.9797527100339918
2012-02-08,17707.3203125,17809.2109375,17579.58984375,17631.689453125,20800.0,2,0.9871068808166449
2012-02-09,17830.75,17879.4609375,17609.4296875,17647.80078125,21400.0,2,0.9068923129865936
2012-02-10,17748.689453125,17890.109375,17627.140625,17817.58984375,19600.0,2,0.9884496468010354
2012-02-13,17772.83984375,17849.640625,17665.890625,17761.69921875,16800.0,2,0.9968362041561205
2012-02-14,17848.5703125,17890.330078125,17742.580078125,17767.4609375,17400.0,2,0.9953710360449656
2012-02-15,18202.41015625,18231.349609375,18000.30078125,18000.30078125,25600.0,2,0.9287790083487183
2012-02-16,18153.990234375,18182.779296875,18043.3203125,18163.05078125,20000.0,2,0.9910017487061541
2012-02-17,18289.349609375,18423.060546875,18234.560546875,18331.19921875,27800.0,2,0.992323191779572
2012-02-21,18428.609375,18470.859375,18293.80078125,18303.73046875,20600.0,2,0.9890558226521625
2012-02-22,18145.25,18523.779296875,18095.810546875,18490.869140625,21600.0,1,0.9924715458003417
2012-02-23,18078.5,18249.529296875,18005.279296875,18127.349609375,19600.0,2,0.9895371340977088
2012-02-24,17923.5703125,18198.150390625,17848.9296875,18079.009765625,19600.0,2,0.770457312358173
2012-02-27,17445.75,17975.189453125,17381.640625,17975.189453125,20800.0,1,0.9999939139799063
2012-02-28,17731.119140625,17776.8203125,17530.439453125,17545.109375,16000.0,2,0.9480904515452769
2012-02-29,17752.6796875,18001.349609375,17677.970703125,17919.9296875,18400.0,2,0.9129507548236906
2012-03-01,17583.970703125,17717.529296875,17463.26953125,17714.619140625,18800.0,2,0.9642919046594911
2012-03-02,17636.80078125,17731.880859375,17504.380859375,17661.390625,17000.0,2,0.993994331528558
2012-03-05,17362.869140625,17598.419921875,17312.30078125,17598.419921875,12000.0,2,0.9426114709191704
2012-03-06,17173.2890625,17691.9609375,17128.279296875,17336.640625,18600.0,1,0.9999684773786933
2012-03-07,17145.51953125,17239.349609375,17008.76953125,17127.1796875,20400.0,2,0.9934552009850695
2012-03-09,17503.240234375,17531.619140625,17325.8203125,17325.8203125,12800.0,2,0.9836609300787487
2012-03-12,17587.669921875,17772.099609375,17494.650390625,17772.099609375,12200.0,2,0.9637711153405756
2012-03-13,17813.619140625,17842.919921875,17680.23046875,17680.23046875,12800.0,2,0.9944224128989783
2012-03-14,17919.30078125,18040.689453125,17837.220703125,18003.150390625,14200.0,2,0.9963408018731538
2012-03-15,17675.849609375,17918.25,17622.130859375,17916.849609375,13800.0,2,0.9093275262125851
2012-03-16,17466.19921875,17871.0,17426.580078125,17656.810546875,24800.0,1,0.9993826668228191
2012-03-19,17273.369140625,17561.4609375,17226.4296875,17531.470703125,13800.0,2,0.7170090209238276
2012-03-20,17316.1796875,17410.130859375,17211.73046875,17308.890625,14200.0,2,0.9973700572525254
2012-03-21,17601.7109375,17622.869140625,17275.880859375,17301.16015625,14200.0,1,0.966949828679723
2012-03-22,17196.470703125,17687.009765625,17136.5,17586.060546875,17600.0,1,0.9999940535528894
2012-03-23,17361.740234375,17458.349609375,17179.330078125,17257.720703125,12600.0,2,0.9758775060217343
2012-03-26,17052.779296875,17377.58984375,17021.849609375,17377.58984375,17000.0,1,0.8086707533741666
2012-03-27,17257.359375,17366.83984375,17061.16015625,17209.130859375,19000.0,2,0.9575238065993343
2012-03-28,17121.619140625,17245.8203125,17040.119140625,17234.48046875,13200.0,2,0.9950829413932695
2012-03-29,17058.609375,17109.349609375,16920.609375,17039.849609375,11200.0,2,0.99731842268771
2012-03-30,17404.19921875,17439.509765625,17105.220703125,17117.41015625,25000.0,1,0.9257229786976707
2012-04-02,17478.150390625,17529.98046875,17382.380859375,17429.9609375,10000.0,2,0.9985009608555746
2012-04-03,17597.419921875,17664.099609375,17478.150390625,17576.2109375,10800.0,2,0.9981306688787309
2012-04-04,17486.01953125,17597.419921875,17436.599609375,17553.259765625,9800.0,2,0.9985911125090404
2012-04-09,17222.140625,17486.01953125,17199.630859375,17407.66015625,9800.0,2,0.9621904706625264
2012-04-10,17243.83984375,17274.689453125,17135.759765625,17259.259765625,10000.0,2,0.9972402828199944
2012-04-11,17199.400390625,17319.150390625,17075.890625,17125.9609375,11800.0,2,0.9886010279419775
2012-04-12,17332.619140625,17395.150390625,17199.400390625,17276.869140625,10200.0,2,0.9978648729562704
2012-04-13,17094.509765625,17398.220703125,17027.30078125,17232.560546875,18400.0,1,0.6555299020630568
2012-04-16,17150.94921875,17173.060546875,17010.16015625,17047.869140625,9800.0,2,0.9976498724442687
2012-04-17,17357.939453125,17381.919921875,17103.359375,17200.970703125,12400.0,2,0.9183899036121496
2012-04-18,17392.390625,17522.80078125,17357.939453125,17447.259765625,9800.0,2,0.9982579689793921
2012-04-19,17503.7109375,17530.30078125,17361.7109375,17432.890625,11800.0,2,0.9972041906072726
2012-04-20,17373.83984375,17519.880859375,17231.33984375,17459.720703125,11200.0,2,0.9824449817452151
2012-04-23,17096.6796875,17444.1796875,17056.76953125,17347.759765625,13000.0,1,0.8433937159273114
2012-04-24,17207.2890625,17247.529296875,17046.720703125,17154.75,12400.0,2,0.9957866751246642
2012-04-25,17151.2890625,17249.609375,17019.240234375,17225.5390625,11400.0,2,0.9918322096138705
2012-04-26,17130.669921875,17193.25,17084.05078125,17191.01953125,10800.0,2,0.9978871741996687
2012-04-27,17134.25,17242.150390625,17022.08984375,17145.390625,11000.0,2,0.997656105634419
2012-04-30,17318.810546875,17359.1796875,17187.33984375,17195.509765625,8400.0,2,0.9970360057788273
2012-05-02,17301.91015625,17432.330078125,17265.48046875,17370.9296875,9400.0,2,0.998489923990498
2012-05-03,17151.189453125,17301.91015625,17120.859375,17271.76953125,8600.0,2,0.9982078536508288
2012-05-04,16831.080078125,17151.189453125,16776.720703125,17066.83984375,11000.0,1,0.5852261112817603
2012-05-07,16912.7109375,16944.130859375,16513.76953125,16620.439453125,11400.0,1,0.9997613962846184
2012-05-08,16546.1796875,16918.310546875,16502.91015625,16915.7109375,12800.0,1,0.9927783502043924
2012-05-09,16479.580078125,16615.740234375,16422.9296875,16436.41015625,12400.0,2,0.9869270846391744
2012-05-10,16420.05078125,16671.810546875,16377.01953125,16515.619140625,10800.0,2,0.9235642254115932
2012-05-11,16292.98046875,16447.240234375,16233.759765625,16355.58984375,11200.0,2,0.9973239101410821
2012-05-14,16215.83984375,16390.330078125,16124.8203125,16318.3603515625,11000.0,2,0.9933342005278197
2012-05-15,16328.25,16370.1201171875,16123.0400390625,16146.900390625,11400.0,2,0.9676119481446582
2012-05-16,16030.08984375,16328.25,15974.599609375,16132.6796875,12800.0,1,0.6812393362835363
2012-05-17,16070.48046875,16240.1796875,16007.919921875,16119.080078125,12800.0,2,0.9943719013199895
2012-05-18,16152.75,16206.349609375,15809.7099609375,15868.0703125,14000.0,1,0.9966220974842909
2012-05-21,16183.259765625,16298.3896484375,16149.6103515625,16187.66015625,10400.0,2,0.9976606074637271
2012-05-22,16026.41015625,16366.7197265625,16000.83984375,16344.33984375,11600.0,1,0.8166576419222311
2012-05-23,15948.099609375,16026.41015625,15847.0302734375,15995.1396484375,11400.0,2,0.9977965647306072
2012-05-24,16222.2998046875,16252.3701171875,15934.76953125,16033.900390625,11000.0,2,0.6244712793106877
2012-05-25,16217.8203125,16273.48046875,16118.349609375,16213.240234375,9400.0,2,0.9988635104019692
2012-05-28,16416.83984375,16439.970703125,16217.8203125,16289.8203125,8000.0,2,0.9936481575886774
2012-05-29,16438.580078125,16544.380859375,16410.2109375,16500.0390625,8600.0,2,0.9989356259569382
2012-05-30,16312.150390625,16438.580078125,16295.3095703125,16391.900390625,13800.0,2,0.9973668522917783
2012-05-31,16218.5302734375,16312.150390625,16086.0595703125,16224.8603515625,16000.0,2,0.9952918719261866
2012-06-01,15965.16015625,16226.1904296875,15933.48046875,16217.48046875,12200.0,2,0.9118239863004981
2012-06-04,15988.400390625,16012.83984375,15748.98046875,15808.8798828125,12200.0,2,0.9430583582158536
2012-06-05,16020.6396484375,16138.2900390625,15979.76953125,16065.3701171875,10800.0,2,0.9985316949872286
2012-06-06,16454.30078125,16494.5,16100.3603515625,16100.3603515625,13600.0,1,0.9996825362100727
2012-06-07,16649.05078125,16680.58984375,16519.890625,16578.009765625,11400.0,2,0.997933017652051
2012-06-08,16718.869140625,16767.76953125,16485.01953125,16611.51953125,11800.0,2,0.9562466059196653
2012-06-11,16668.009765625,16893.810546875,16627.48046875,16804.890625,8800.0,2,0.9893002184351631
2012-06-12,16862.80078125,16897.419921875,16553.470703125,16570.509765625,9800.0,1,0.9464568434395193
2012-06-13,16880.509765625,16944.109375,16792.869140625,16865.720703125,9800.0,2,0.998826881356467
2012-06-14,16677.880859375,16921.490234375,16658.98046875,16857.23046875,9200.0,2,0.9839933427860106
2012-06-15,16949.830078125,16967.759765625,16701.279296875,16701.279296875,10400.0,2,0.8030173544102395
2012-06-18,16705.830078125,17109.94921875,16636.08984375,17039.5390625,11400.0,1,0.9992905251355093
2012-06-19,16859.80078125,16890.0,16681.890625,16681.890625,9800.0,2,0.9876787049864921
2012-06-20,16896.630859375,16962.490234375,16840.099609375,16903.9609375,9200.0,2,0.9989056427417093
2012-06-21,17032.560546875,17050.439453125,16799.630859375,16855.599609375,10800.0,2,0.9653608293358334
2012-06-22,16972.509765625,17016.060546875,16807.80078125,16882.740234375,11800.0,2,0.9957557111107281
2012-06-25,16882.16015625,17131.150390625,16853.05078125,17038.76953125,10600.0,2,0.9732847821898037
2012-06-26,16906.580078125,16946.66015625,16815.869140625,16873.08984375,7400.0,2,0.9991062992169918
2012-06-27,16967.759765625,17029.26953125,16930.80078125,16975.759765625,6800.0,2,0.9990815141461854
2012-06-28,16990.759765625,17033.849609375,16918.869140625,16985.580078125,8800.0,2,0.9988638326087019
2012-06-29,17429.98046875,17448.48046875,17134.609375,17134.609375,13000.0,1,0.8548080598280384
2012-07-02,17398.98046875,17486.5703125,17363.0390625,17438.6796875,8600.0,2,0.9988259430066055
2012-07-03,17425.7109375,17526.8203125,17351.5,17457.94921875,9400.0,2,0.9987496617485164
2012-07-04,17462.810546875,17523.76953125,17372.44921875,17473.259765625,10200.0,2,0.998540848000146
2012-07-05,17538.669921875,17562.890625,17423.44921875,17478.16015625,8200.0,2,0.9986288052100304
2012-07-06,17521.119140625,17554.55078125,17425.470703125,17546.0390625,8000.0,2,0.9979779792308865
2012-07-09,17391.98046875,17485.7890625,17343.55078125,17449.9296875,7200.0,2,0.9990900102274591
2012-07-10,17618.349609375,17631.189453125,17424.2890625,17431.6796875,8800.0,2,0.9877066715563879
2012-07-11,17489.140625,17582.990234375,17466.990234375,17553.970703125,7800.0,2,0.9987930268867148
2012-07-12,17232.55078125,17329.4609375,17181.169921875,17297.060546875,11800.0,2,0.9982219876007039
2012-07-13,17213.69921875,17342.880859375,17182.2890625,17269.19921875,7600.0,2,0.9987580141220693
2012-07-16,17103.310546875,17282.30078125,17079.630859375,17241.98046875,7600.0,2,0.9976410930321533
2012-07-17,17105.30078125,17236.080078125,17074.630859375,17176.9296875,9200.0,2,0.9985303593015779
2012-07-18,17185.009765625,17205.259765625,17038.58984375,17113.369140625,17600.0,2,0.9946694260114984
2012-07-19,17278.849609375,17318.9296875,17244.759765625,17288.33984375,8000.0,2,0.9984506252915594
2012-07-20,17158.439453125,17275.19921875,17129.689453125,17275.19921875,6400.0,2,0.9988249201292274
2012-07-23,16877.349609375,17047.73046875,16849.279296875,17047.73046875,8000.0,2,0.9968665179404393
2012-07-24,16918.080078125,16962.740234375,16839.69921875,16907.740234375,12400.0,2,0.9981888027505855
2012-07-25,16846.05078125,16899.009765625,16736.599609375,16899.009765625,10800.0,2,0.9958177283699621
2012-07-26,16639.8203125,16899.76953125,16598.48046875,16887.83984375,12800.0,2,0.8971064953366378
2012-07-27,16839.189453125,16975.029296875,16760.720703125,16860.16015625,11400.0,2,0.9972590569832203
2012-07-30,17143.6796875,17163.94921875,16919.140625,16919.140625,8000.0,2,0.94467884253081
2012-07-31,17236.1796875,17253.669921875,17004.08984375,17186.609375,10400.0,2,0.930438892323852
2012-08-01,17257.380859375,17291.990234375,17189.16015625,17244.439453125,9200.0,2,0.998608997032143
2012-08-02,17224.359375,17246.009765625,17157.279296875,17245.6796875,15200.0,2,0.9943520837510079
2012-08-03,17197.9296875,17208.359375,17026.970703125,17164.48046875,7600.0,2,0.9943941863888461
2012-08-06,17412.9609375,17451.529296875,17313.05078125,17313.05078125,6600.0,2,0.998413391700919
2012-08-07,17601.779296875,17641.55078125,17417.919921875,17456.369140625,12000.0,2,0.9890611167638238
2012-08-08,17600.560546875,17726.640625,17582.66015625,17638.529296875,14400.0,2,0.9955297416341075
2012-08-09,17560.869140625,17702.98046875,17516.990234375,17612.080078125,14600.0,2,0.9963545868942822
2012-08-10,17557.740234375,17590.609375,17471.369140625,17515.419921875,13600.0,2,0.9974675318004499
2012-08-13,17633.44921875,17642.380859375,17522.099609375,17551.689453125,9000.0,2,0.998176887865278
2012-08-14,17728.19921875,17753.4296875,17572.33984375,17631.640625,10000.0,2,0.997024172254438
2012-08-16,17657.2109375,17763.58984375,17640.619140625,17752.220703125,8800.0,2,0.9983338398928265
2012-08-17,17691.080078125,17801.390625,17622.619140625,17701.19921875,9800.0,2,0.9983760130275567
2012-08-21,17885.259765625,17898.349609375,17705.140625,17705.140625,9200.0,2,0.9903595346861739
2012-08-22,17846.859375,17912.080078125,17800.2890625,17827.25,8800.0,2,0.998385923796353
2012-08-23,17850.220703125,17972.5390625,17792.869140625,17856.2890625,9200.0,2,0.9979018958449626
2012-08-24,17783.2109375,17822.5,17725.419921875,17790.25,8200.0,2,0.9985876798695758
2012-08-27,17678.810546875,17820.0703125,17662.2109375,17769.439453125,7400.0,2,0.9985599782101121
2012-08-28,17631.7109375,17712.349609375,17570.7109375,17676.130859375,9600.0,2,0.9986669592475713
2012-08-29,17490.810546875,17653.900390625,17471.130859375,17651.140625,9600.0,2,0.9967221431548116
2012-08-30,17541.640625,17605.509765625,17367.55078125,17433.5,10000.0,2,0.993032370493662
2012-08-31,17380.75,17557.619140625,17337.609375,17557.619140625,10600.0,2,0.9934659711045764
2012-09-03,17384.400390625,17509.990234375,17349.5703125,17465.599609375,12600.0,2,0.9977472037988631
2012-09-04,17440.869140625,17452.69921875,17308.26953125,17378.6796875,6600.0,2,0.9986033684567317
2012-09-05,17313.33984375,17411.669921875,17250.80078125,17359.9609375,11400.0,2,0.9984271467219207
2012-09-06,17346.26953125,17418.400390625,17294.740234375,17320.73046875,10000.0,2,0.9982010504258947
2012-09-07,17683.73046875,17701.19921875,17575.7890625,17575.7890625,9600.0,2,0.9975217416206615
2012-09-10,17766.779296875,17810.900390625,17728.119140625,17780.9296875,8200.0,2,0.9983927614284771
2012-09-11,17852.94921875,17867.849609375,17677.380859375,17711.80078125,8200.0,2,0.9955838639111539
2012-09-12,18000.029296875,18012.890625,17884.9609375,17916.130859375,11400.0,2,0.9973652407321947
2012-09-13,18021.16015625,18062.6796875,17976.279296875,18023.94921875,8000.0,2,0.9984445444596866
2012-09-14,18464.26953125,18498.5390625,18284.75,18284.75,16800.0,2,0.9718476144457886
2012-09-17,18542.310546875,18715.029296875,18480.5390625,18619.900390625,20200.0,2,0.991172108239627
2012-09-18,18496.009765625,18580.48046875,18469.509765625,18514.720703125,9600.0,2,0.9978852304202307
2012-09-20,18349.25,18443.919921875,18291.9296875,18292.220703125,8800.0,2,0.9957529161983568
2012-09-21,18752.830078125,18866.869140625,18411.19921875,18411.19921875,15000.0,1,0.9999872327796495
2012-09-24,18673.33984375,18811.130859375,18650.4296875,18756.310546875,15000.0,2,0.9959041254343768
2012-09-25,18694.41015625,18790.009765625,18636.16015625,18708.009765625,10600.0,2,0.9981961030069814
2012-09-26,18632.169921875,18670.48046875,18573.1796875,18644.5390625,10400.0,2,0.9975182505896574
2012-09-27,18579.5,18735.94921875,18552.6796875,18659.75,10400.0,2,0.9970514655684776
2012-09-28,18762.740234375,18869.939453125,18698.509765625,18704.98046875,11400.0,2,0.9923069511501126
2012-10-01,18823.91015625,18838.5390625,18745.279296875,18784.640625,8200.0,2,0.9979733663891865
2012-10-03,18869.689453125,18905.619140625,18816.5703125,18841.490234375,8400.0,2,0.997930848038046
2012-10-04,19058.150390625,19107.0390625,18939.75,18939.75,11600.0,2,0.9942574423561463
2012-10-05,18938.4609375,19137.2890625,18757.33984375,19115.890625,39400.0,1,0.6588050958968777
2012-10-08,18708.98046875,18969.189453125,18684.400390625,18969.189453125,9400.0,2,0.9384073721194239
2012-10-09,18793.359375,18885.83984375,18722.05078125,18796.25,8200.0,2,0.9986905058287953
2012-10-10,18631.099609375,18740.630859375,18614.369140625,18699.189453125,7200.0,2,0.9985646715206296
2012-10-11,18804.75,18847.810546875,18581.490234375,18627.369140625,9400.0,2,0.9595419731265954
2012-10-12,18675.1796875,18844.349609375,18638.33984375,18727.099609375,9000.0,2,0.9956772333196671
2012-10-15,18713.55078125,18726.380859375,18596.650390625,18690.990234375,6000.0,2,0.9981819980285871
2012-10-16,18577.69921875,18801.099609375,18549.279296875,18784.75,7600.0,2,0.9890752845107746
2012-10-17,18610.76953125,18705.189453125,18535.369140625,18667.720703125,7000.0,2,0.9988140272052168
2012-10-18,18791.9296875,18806.560546875,18576.41015625,18653.599609375,8200.0,2,0.9880207388306609
2012-10-19,18682.310546875,18769.58984375,18611.759765625,18768.0,8000.0,2,0.9979139051674875
2012-10-22,18793.439453125,18809.279296875,18600.880859375,18655.9296875,7000.0,2,0.994331960057164
2012-10-23,18710.01953125,18812.9296875,18689.380859375,18803.619140625,6000.0,2,0.9987107515974984
2012-10-25,18758.630859375,18789.919921875,18699.0703125,18712.41015625,8600.0,2,0.9977950762023017
2012-10-29,18635.8203125,18743.41015625,18572.01953125,18656.0,7600.0,2,0.9987599052602074
2012-10-30,18430.849609375,18718.279296875,18393.419921875,18642.009765625,9000.0,2,0.8922970944164504
2012-10-31,18505.380859375,18521.619140625,18398.48046875,18436.7890625,7000.0,2,0.9985624743630975
2012-11-01,18561.69921875,18589.130859375,18445.1796875,18487.900390625,9000.0,2,0.998133699558656
2012-11-02,18755.44921875,18793.75,18687.9296875,18692.150390625,9200.0,2,0.9975325408455662
2012-11-05,18762.869140625,18794.630859375,18683.25,18749.369140625,5600.0,2,0.9989210847922327
2012-11-06,18817.380859375,18829.0703125,18726.939453125,18739.970703125,7600.0,2,0.9980377394566826
2012-11-07,18902.41015625,18973.4296875,18786.140625,18802.8203125,8800.0,2,0.9959300873686051
2012-11-08,18846.259765625,18865.2109375,18736.44921875,18779.740234375,9800.0,2,0.9977789026548911
2012-11-09,18683.6796875,18894.419921875,18656.41015625,18832.75,9600.0,2,0.9930278836189756
2012-11-12,18670.33984375,18750.919921875,18607.66015625,18691.01953125,19400.0,2,0.9957640821931449
2012-11-15,18471.369140625,18593.5390625,18408.689453125,18590.0703125,6200.0,2,0.9981520285283507
2012-11-16,18309.369140625,18563.3203125,18266.759765625,18491.490234375,7000.0,2,0.9756398615907512
2012-11-19,18339.0,18386.779296875,18256.0703125,18349.529296875,7200.0,2,0.9988020798153767
2012-11-20,18329.3203125,18467.91015625,18255.689453125,18422.689453125,6600.0,2,0.9983639783462556
2012-11-21,18460.380859375,18478.5,18309.810546875,18379.900390625,6800.0,2,0.9980280473512302
2012-11-22,18517.33984375,18567.6796875,18456.19921875,18510.939453125,6200.0,2,0.9989948008400412
2012-11-23,18506.5703125,18556.5,18402.380859375,18543.94921875,6000.0,2,0.9981843770196356
2012-11-26,18537.009765625,18590.330078125,18508.7890625,18574.359375,5800.0,2,0.9986077128093602
2012-11-27,18842.080078125,18862.69921875,18616.55078125,18616.55078125,7600.0,2,0.9401762222812301
2012-11-29,19170.91015625,19205.330078125,18873.630859375,18873.630859375,11400.0,1,0.920383178644475
2012-11-30,19339.900390625,19372.69921875,19186.30078125,19229.69921875,11200.0,2,0.9955358466815516
2012-12-03,19305.3203125,19416.44921875,19257.30078125,19342.830078125,7200.0,2,0.9986813067483414
2012-12-04,19348.119140625,19373.939453125,19263.7109375,19277.580078125,8200.0,2,0.9978110281985624
2012-12-05,19391.859375,19463.25,19371.009765625,19397.98046875,9600.0,2,0.9966959134940049
2012-12-06,19486.80078125,19523.25,19186.240234375,19475.08984375,10000.0,1,0.9595761160883862
2012-12-07,19424.099609375,19561.869140625,19363.130859375,19514.880859375,9000.0,2,0.9978631889932941
2012-12-10,19409.689453125,19478.009765625,19362.3203125,19442.189453125,6800.0,2,0.998657109629698
2012-12-11,19387.140625,19612.1796875,19285.2890625,19466.2890625,7600.0,2,0.965594543141006
2012-12-12,19355.259765625,19478.7890625,19317.23046875,19432.5390625,7600.0,2,0.9984995211492903
2012-12-13,19229.259765625,19421.720703125,19196.75,19403.66015625,9400.0,2,0.9938357278629256
2012-12-14,19317.25,19348.849609375,19193.109375,19217.9609375,11400.0,2,0.9964709803894313
2012-12-17,19244.419921875,19346.779296875,19221.869140625,19290.919921875,12800.0,2,0.9965422350850344
2012-12-18,19364.75,19396.279296875,19149.029296875,19293.009765625,14000.0,2,0.9727674349588787
2012-12-19,19476.0,19516.01953125,19419.759765625,19429.91015625,9800.0,2,0.996877338559884
2012-12-20,19453.919921875,19520.509765625,19335.720703125,19511.41015625,10400.0,2,0.9942843780990974
2012-12-21,19242.0,19394.55078125,19221.119140625,19394.55078125,9200.0,2,0.9965204188345836
2012-12-24,19255.08984375,19347.640625,19237.259765625,19278.0,7400.0,2,0.9979183750314602
2012-12-26,19417.4609375,19468.400390625,19274.0703125,19302.470703125,5800.0,2,0.9970829465924724
2012-12-27,19323.80078125,19504.400390625,19302.2109375,19479.83984375,7600.0,2,0.9966250226967108
2012-12-28,19444.83984375,19465.740234375,19346.0703125,19364.080078125,6600.0,2,0.9982424827245541
2012-12-31,19426.7109375,19491.580078125,19406.169921875,19422.58984375,4800.0,2,0.9982614916956216
2013-01-02,19714.240234375,19756.6796875,19686.5,19693.30078125,7400.0,2,0.9966931107973032
2013-01-03,19764.779296875,19786.30078125,19693.2890625,19771.029296875,6600.0,2,0.9976529848806132
2013-01-04,19784.080078125,19797.439453125,19679.990234375,19782.58984375,7000.0,2,0.9968885534129445
2013-01-07,19691.419921875,19856.4296875,19654.4609375,19820.560546875,7400.0,2,0.9974692429681224
2013-01-08,19742.51953125,19761.779296875,19632.58984375,19681.380859375,7400.0,2,0.9981147536211376
2013-01-09,19666.58984375,19824.060546875,19627.16015625,19770.2109375,9600.0,2,0.9972309989912562
2013-01-10,19663.55078125,19783.75,19596.380859375,19728.01953125,9200.0,2,0.9981434638335276
2013-01-11,19663.640625,19839.80078125,19619.830078125,19813.640625,10000.0,2,0.9951430578897269
2013-01-14,19906.41015625,19948.630859375,19689.08984375,19689.08984375,8800.0,2,0.9096001098294868
2013-01-15,19986.8203125,20036.8203125,19881.779296875,19999.8203125,9600.0,2,0.9973536645690396
2013-01-16,19817.630859375,20009.359375,19783.01953125,19978.189453125,8600.0,2,0.9948563371007554
2013-01-17,19964.029296875,20005.98046875,19783.41015625,19846.419921875,11800.0,2,0.9915988576775531
2013-01-18,20039.0390625,20126.55078125,19990.619140625,20038.669921875,14600.0,2,0.9956724646359018
2013-01-21,20101.8203125,20163.380859375,20056.4609375,20132.830078125,11400.0,2,0.996640866982944
2013-01-22,19981.5703125,20156.859375,19952.91015625,20102.4296875,8600.0,2,0.9966520042759178
2013-01-23,20026.609375,20058.0703125,19920.91015625,19997.0390625,10200.0,2,0.9973734048076354
2013-01-24,19923.779296875,20072.279296875,19884.19921875,20017.19921875,12000.0,2,0.9966248159952196
2013-01-25,20103.529296875,20129.009765625,19928.109375,19945.689453125,12000.0,2,0.9883206830676187
2013-01-28,20103.349609375,20172.44921875,20062.7890625,20129.0,6800.0,2,0.9983383054947239
2013-01-29,19990.900390625,20203.66015625,19970.05078125,20080.310546875,9000.0,2,0.9864567390923388
2013-01-30,20005.0,20073.4609375,19964.640625,20014.80078125,9200.0,2,0.9975853715727527
2013-01-31,19894.98046875,20008.830078125,19865.720703125,19987.279296875,8400.0,2,0.9979205011801852
2013-02-01,19781.189453125,19966.689453125,19736.44921875,19907.2109375,16400.0,2,0.9915402161654483
2013-02-04,19751.189453125,19902.599609375,19728.2109375,19860.970703125,6800.0,2,0.9980711037351626
2013-02-05,19659.8203125,19717.259765625,19631.970703125,19665.5390625,7800.0,2,0.9974980680622795
2013-02-06,19639.720703125,19767.25,19611.26953125,19737.76953125,7200.0,2,0.9983160741829976
2013-02-07,19580.3203125,19702.560546875,19540.080078125,19589.439453125,9000.0,2,0.9969578600438177
2013-02-08,19484.76953125,19648.0703125,19414.80078125,19577.189453125,14200.0,2,0.9947713911486904
2013-02-11,19460.5703125,19543.439453125,19416.939453125,19517.58984375,7200.0,2,0.9985485763222101
2013-02-12,19561.0390625,19583.529296875,19438.529296875,19489.869140625,6800.0,2,0.9982880704930291
2013-02-13,19608.080078125,19723.009765625,19574.150390625,19601.689453125,8000.0,2,0.9964934485969382
2013-02-14,19497.1796875,19639.830078125,19444.330078125,19626.810546875,10000.0,2,0.9965141248116155
2013-02-15,19468.150390625,19512.890625,19381.8203125,19449.830078125,7600.0,2,0.9985623571998394
2013-02-18,19501.080078125,19554.48046875,19462.919921875,19496.25,6000.0,2,0.9983983720007891
2013-02-19,19635.720703125,19671.169921875,19457.2109375,19523.69921875,5800.0,2,0.9962005027804979
2013-02-20,19642.75,19742.419921875,19619.890625,19717.939453125,6800.0,2,0.998385835033664
2013-02-21,19325.359375,19554.650390625,19289.69921875,19549.05078125,12400.0,2,0.9696677614827316
2013-02-22,19317.009765625,19401.75,19289.830078125,19341.900390625,7600.0,2,0.9982282545580129
2013-02-25,19331.689453125,19411.1796875,19237.98046875,19365.330078125,7800.0,2,0.9984724883917068
2013-02-26,19015.140625,19293.490234375,18976.939453125,19290.66015625,9200.0,2,0.8376022262726308
2013-02-27,19152.41015625,19213.01953125,18997.8203125,19090.3203125,8400.0,2,0.9970911818351527
2013-02-28,18861.5390625,19322.279296875,18793.970703125,19264.80078125,14800.0,1,0.9999884855737161
2013-03-01,18918.51953125,18988.970703125,18820.900390625,18876.6796875,8400.0,2,0.9984299489866729
2013-03-04,18877.9609375,18930.859375,18760.41015625,18920.900390625,7600.0,2,0.9966131381234334
2013-03-05,19143.169921875,19164.0390625,18943.619140625,18943.619140625,9400.0,2,0.9753253730239378
2013-03-06,19252.609375,19293.390625,19195.470703125,19254.19921875,9400.0,2,0.9977226177532723
2013-03-07,19413.5390625,19465.51953125,19212.919921875,19222.05078125,8800.0,2,0.9551869805813105
2013-03-08,19683.23046875,19706.029296875,19477.609375,19478.669921875,10000.0,2,0.9653126043084158
2013-03-11,19646.2109375,19754.66015625,19602.7109375,19679.880859375,7400.0,2,0.998499542832445
2013-03-12,19564.919921875,19697.83984375,19505.75,19675.810546875,7600.0,2,0.9978549429858518
2013-03-13,19362.55078125,19511.970703125,19338.51953125,19511.970703125,8200.0,2,0.9970054463810909
2013-03-14,19570.439453125,19604.69921875,19179.330078125,19367.259765625,11200.0,1,0.9986895578628427
2013-03-15,19427.560546875,19673.16015625,19383.130859375,19570.009765625,10200.0,2,0.972642826493998
2013-03-18,19293.19921875,19345.419921875,19232.23046875,19282.630859375,7400.0,2,0.9985612562892641
2013-03-19,19008.099609375,19378.609375,18939.470703125,19345.91015625,12600.0,1,0.9919342481401557
2013-03-20,18884.189453125,19028.08984375,18836.76953125,19026.4609375,11000.0,2,0.9957639212329742
2013-03-21,18792.869140625,19082.2890625,18756.650390625,18926.2109375,12400.0,2,0.7310850085234935
2013-03-22,18735.599609375,18859.8203125,18669.19921875,18784.9296875,13600.0,2,0.9972715328198732
2013-03-25,18681.419921875,18950.220703125,18654.609375,18894.130859375,12200.0,2,0.940128639683411
2013-03-26,18704.529296875,18758.880859375,18612.369140625,18645.08984375,12000.0,2,0.9973777412092852
2013-03-28,18835.76953125,18882.5390625,18568.4296875,18702.4609375,14600.0,2,0.810679774551042
2013-04-01,18864.75,18959.48046875,18796.599609375,18890.810546875,8400.0,2,0.9987251841625526
2013-04-02,19040.94921875,19060.509765625,18826.529296875,18863.8203125,8200.0,2,0.9821246688607336
2013-04-03,18801.640625,19035.19921875,18721.720703125,19034.0,7800.0,2,0.913100460626072
2013-04-04,18509.69921875,18733.619140625,18473.849609375,18731.380859375,8400.0,2,0.98249446154122
2013-04-05,18450.23046875,18525.44921875,18389.2890625,18493.669921875,8000.0,2,0.9987440902155565
2013-04-08,18437.779296875,18504.48046875,18402.9296875,18455.80078125,7600.0,2,0.9985890684106618
2013-04-09,18226.48046875,18565.560546875,18206.609375,18481.470703125,10600.0,1,0.6004880648113471
2013-04-10,18414.44921875,18461.439453125,18173.310546875,18355.140625,8000.0,2,0.9362091106202685
2013-04-11,18542.19921875,18599.140625,18397.939453125,18577.51953125,8400.0,2,0.9940482612036882
2013-04-12,18242.560546875,18337.91015625,18186.099609375,18275.66015625,9400.0,2,0.9986500949295706
2013-04-15,18357.80078125,18424.400390625,18144.220703125,18196.08984375,9200.0,2,0.9552161607723253
2013-04-16,18744.9296875,18771.330078125,18325.73046875,18356.3203125,9400.0,1,0.9999797929483677
2013-04-17,18731.16015625,18869.880859375,18673.439453125,18773.44921875,11000.0,2,0.9973771366776667
2013-04-18,19016.4609375,19058.80078125,18691.609375,18695.33984375,10000.0,1,0.9924631421726915
2013-04-22,19169.830078125,19204.900390625,18989.779296875,18989.779296875,8600.0,2,0.9844470008009681
2013-04-23,19179.359375,19210.259765625,19042.080078125,19210.259765625,8400.0,2,0.9919438065353775
2013-04-25,19406.849609375,19434.849609375,19192.109375,19192.109375,10200.0,2,0.9415819892803134
2013-04-26,19286.720703125,19384.94921875,19249.75,19376.0,9600.0,2,0.9976781334787662
2013-04-29,19387.5,19428.939453125,19284.400390625,19306.669921875,9200.0,2,0.9975952075220668
2013-04-30,19504.1796875,19622.6796875,19317.380859375,19492.830078125,13400.0,2,0.9745700338924659
2013-05-02,19735.76953125,19792.0,19451.259765625,19459.330078125,9400.0,1,0.8983940966757679
2013-05-03,19575.640625,19744.849609375,19542.630859375,19707.94921875,11600.0,2,0.9956495530343755
2013-05-06,19673.640625,19694.2890625,19554.310546875,19571.66015625,7800.0,2,0.9975261452431775
2013-05-07,19888.94921875,19917.880859375,19697.330078125,19697.330078125,8200.0,2,0.9791459665206634
2013-05-08,19990.1796875,20037.26953125,19851.220703125,19950.220703125,6200.0,2,0.9981719191771943
2013-05-09,19939.0390625,20058.48046875,19903.830078125,20015.859375,5800.0,2,0.9987163234256213
2013-05-10,20082.619140625,20119.140625,19908.80078125,19911.080078125,8000.0,2,0.9873080692231061
2013-05-13,19691.669921875,20109.080078125,19667.390625,20073.41015625,6600.0,1,0.9971034555644127
2013-05-14,19722.2890625,19831.7890625,19652.689453125,19715.80078125,7200.0,2,0.9982015724605555
2013-05-15,20212.9609375,20241.9609375,19798.1796875,19798.1796875,9200.0,1,0.9999819019121905
2013-05-16,20247.330078125,20326.48046875,20162.119140625,20167.9296875,9600.0,2,0.9948245065940178
2013-05-17,20286.119140625,20328.189453125,20155.009765625,20267.599609375,8000.0,2,0.9974581963738306
2013-05-20,20223.98046875,20443.619140625,20186.66015625,20277.759765625,6800.0,2,0.9722214846980277
2013-05-21,20111.609375,20308.0390625,20072.6796875,20227.169921875,15600.0,2,0.9898901101801493
2013-05-22,20062.240234375,20220.349609375,20000.859375,20150.689453125,7600.0,2,0.9975951295166147
2013-05-23,19674.330078125,20027.560546875,19634.7890625,19971.369140625,15600.0,1,0.8835967783785698
2013-05-24,19704.330078125,19833.140625,19568.490234375,19765.3203125,11000.0,2,0.9921732768256945
2013-05-27,20030.76953125,20083.470703125,19678.310546875,19750.669921875,8200.0,1,0.9947152995697991
2013-05-28,20160.8203125,20209.8203125,19963.23046875,20056.279296875,8600.0,2,0.9906904870576745
2013-05-29,20147.640625,20216.490234375,20044.740234375,20202.509765625,8000.0,2,0.9968909592479465
2013-05-30,20215.400390625,20254.029296875,20066.140625,20066.939453125,9600.0,2,0.9916576361165048
2013-05-31,19760.30078125,20191.2890625,19730.55078125,20186.669921875,9400.0,1,0.9996921453569815
2013-06-03,19610.48046875,19860.189453125,19541.970703125,19859.220703125,7400.0,2,0.8923482803568727
2013-06-04,19545.779296875,19742.69921875,19522.470703125,19605.6796875,6000.0,2,0.9914198621373781
2013-06-05,19568.220703125,19604.4296875,19441.349609375,19532.419921875,5600.0,2,0.9985688576429586
2013-06-06,19519.490234375,19635.369140625,19395.3203125,19503.6796875,6600.0,2,0.9974324205517022
2013-06-07,19429.23046875,19711.55078125,19397.509765625,19522.310546875,7000.0,2,0.7083433077746423
2013-06-10,19441.0703125,19585.75,19366.8203125,19530.349609375,6400.0,2,0.9981566338241036
2013-06-11,19143.0,19418.740234375,19121.1796875,19382.220703125,14200.0,2,0.9039877427678177
2013-06-12,19041.130859375,19143.240234375,18969.080078125,19103.9609375,10800.0,2,0.9979149825121741
2013-06-13,18827.16015625,18914.130859375,18765.529296875,18897.490234375,13200.0,2,0.9969049535476883
2013-06-14,19177.9296875,19213.099609375,18952.08984375,18959.830078125,10400.0,2,0.9053204184458237
2013-06-17,19325.869140625,19344.279296875,19084.6796875,19249.900390625,7000.0,2,0.9509903519188461
2013-06-18,19223.279296875,19383.609375,19191.369140625,19329.169921875,8600.0,2,0.9975783988348846
2013-06-19,19245.69921875,19274.259765625,19100.130859375,19224.08984375,10400.0,2,0.9955435882091992
2013-06-20,18719.2890625,19069.19921875,18687.189453125,19069.19921875,14200.0,1,0.9356816700768846
2013-06-21,18774.240234375,18820.810546875,18615.140625,18695.80078125,14600.0,2,0.9946175404320882
2013-06-24,18540.890625,18714.060546875,18467.16015625,18714.060546875,11200.0,2,0.9870332106057276
2013-06-25,18629.150390625,18802.310546875,18487.30078125,18602.25,10800.0,2,0.9560433908141364
2013-06-26,18552.119140625,18690.5,18514.349609375,18662.369140625,9200.0,2,0.997959408766483
2013-06-27,18875.94921875,18925.75,18688.279296875,18716.109375,10000.0,2,0.9831033174317726
2013-06-28,19395.810546875,19432.939453125,19093.1796875,19093.1796875,14000.0,1,0.9552462447561376
2013-07-01,19577.390625,19598.4296875,19347.5703125,19352.48046875,8600.0,2,0.9268896000069222
2013-07-02,19463.8203125,19589.140625,19442.75,19573.9296875,9200.0,2,0.9975548509785386
2013-07-03,19177.759765625,19347.109375,19147.310546875,19347.109375,9600.0,2,0.9950793241128675
2013-07-04,19410.83984375,19445.01953125,19245.009765625,19256.119140625,9600.0,2,0.9914293123191878
2013-07-05,19495.8203125,19640.26953125,19477.740234375,19568.7890625,10000.0,2,0.9969148267104158
2013-07-08,19324.76953125,19422.689453125,19185.919921875,19418.98046875,8400.0,2,0.985537034851229
2013-07-09,19439.48046875,19486.0,19380.25,19399.369140625,6600.0,2,0.9983316890224365
2013-07-10,19294.119140625,19505.9296875,19237.91015625,19482.66015625,7800.0,2,0.9880095035299352
2013-07-11,19676.060546875,19723.509765625,19468.4609375,19468.4609375,8400.0,2,0.9331569769278891
2013-07-12,19958.470703125,19991.939453125,19785.58984375,19898.689453125,7600.0,2,0.9957306347909294
2013-07-15,20034.48046875,20072.439453125,19883.189453125,19926.099609375,7000.0,2,0.9969630271388925
2013-07-16,19851.23046875,19890.630859375,19649.580078125,19788.08984375,8000.0,2,0.9895055575603885
2013-07-17,19948.73046875,19983.220703125,19778.5390625,19928.94921875,10400.0,2,0.9912376426318017
2013-07-18,20128.41015625,20176.900390625,19956.19921875,19999.509765625,9800.0,2,0.9921105490040715
2013-07-19,20149.849609375,20256.599609375,20111.130859375,20213.44921875,11600.0,2,0.9972045695252174
2013-07-22,20159.119140625,20264.900390625,20065.689453125,20096.7109375,9400.0,2,0.994440906253981
2013-07-23,20302.130859375,20351.060546875,20249.98046875,20249.98046875,7800.0,2,0.9967161255102436
2013-07-24,20090.6796875,20252.69921875,19994.25,20200.19921875,8000.0,2,0.9948118461566905
2013-07-25,19804.759765625,20110.810546875,19763.900390625,20062.0,12800.0,2,0.669337536567866
2013-07-26,19748.189453125,19907.44921875,19699.759765625,19892.470703125,11000.0,2,0.9951680502210489
2013-07-29,19593.279296875,19751.029296875,19570.869140625,19714.419921875,9900.0,2,0.996896526315056
2013-07-30,19348.33984375,19672.720703125,19328.5390625,19577.75,9500.0,2,0.6303711513390118
2013-07-31,19345.69921875,19387.5,19126.8203125,19304.0703125,13900.0,2,0.954372481928305
2013-08-01,19317.189453125,19569.19921875,19170.4609375,19443.2890625,10600.0,2,0.6011747971490361
2013-08-02,19164.01953125,19451.69921875,19078.720703125,19399.55078125,8600.0,2,0.6239499960538574
2013-08-05,19182.259765625,19306.509765625,19141.6796875,19178.060546875,12000.0,2,0.9945180695044511
2013-08-06,18733.0390625,19131.919921875,18667.30078125,19127.099609375,13800.0,1,0.9995857174565014
2013-08-07,18664.880859375,18811.4609375,18551.349609375,18758.529296875,12800.0,2,0.9916224511463563
2013-08-08,18789.33984375,18829.259765625,18621.669921875,18687.30078125,11900.0,2,0.9946700865473004
2013-08-12,18946.98046875,19066.970703125,18796.009765625,18898.939453125,11700.0,2,0.9899235680466806
2013-08-13,19229.83984375,19248.109375,18864.810546875,18895.259765625,11900.0,1,0.9977784122806317
2013-08-14,19367.58984375,19392.560546875,19203.630859375,19299.419921875,14700.0,2,0.9933787600288707
2013-08-16,18598.1796875,19310.94921875,18559.650390625,19297.109375,14300.0,1,0.9999682296124062
2013-08-19,18307.51953125,18587.380859375,18139.150390625,18587.380859375,14300.0,1,0.9981095998991895
2013-08-20,18246.0390625,18306.4609375,17970.98046875,18142.830078125,18200.0,2,0.6323204846959737
2013-08-21,17905.91015625,18567.69921875,17807.189453125,18545.439453125,17400.0,1,0.9999802195807308
2013-08-22,18312.939453125,18349.8203125,17759.58984375,17896.83984375,19800.0,1,0.9999907649536636
2013-08-23,18519.439453125,18546.599609375,18210.75,18386.529296875,19200.0,1,0.7166373779184803
2013-08-26,18558.130859375,18728.189453125,18488.9296875,18602.560546875,17200.0,2,0.9907435209337637
2013-08-27,17968.080078125,18460.720703125,17921.8203125,18460.720703125,17800.0,1,0.9999944377654256
2013-08-28,17996.150390625,18101.83984375,17448.7109375,17851.439453125,21400.0,1,0.9999849900806984
2013-08-29,18401.0390625,18455.66015625,18071.220703125,18073.66015625,18600.0,1,0.9982557027630053
2013-08-30,18619.720703125,18679.259765625,18272.759765625,18424.720703125,18600.0,1,0.9829000210751272
2013-09-02,18886.130859375,18942.060546875,18678.9296875,18691.830078125,10800.0,2,0.9296263798814401
2013-09-03,18234.66015625,19007.310546875,18166.169921875,19002.76953125,19400.0,1,0.9999557564872998
2013-09-04,18567.55078125,18612.599609375,18188.4296875,18314.6796875,14400.0,1,0.9984724964233195
2013-09-05,18979.759765625,19117.51953125,18847.01953125,18857.599609375,13800.0,2,0.8584327243191924
2013-09-06,19270.060546875,19293.9609375,18929.380859375,19072.01953125,15600.0,1,0.9261361411633071
2013-09-10,19997.099609375,20012.689453125,19444.66015625,19448.390625,17800.0,1,0.9999855995637232
2013-09-11,19997.44921875,20055.529296875,19777.630859375,19999.76953125,15700.0,2,0.8825711774976384
2013-09-12,19781.880859375,20052.05078125,19676.490234375,20046.05078125,11900.0,1,0.6890734387237316
2013-09-13,19732.759765625,19899.369140625,19675.6796875,19744.5390625,10600.0,2,0.9903710050208874
2013-09-16,19742.470703125,20086.4296875,19596.150390625,19977.380859375,11200.0,1,0.9963909404430935
2013-09-17,19804.029296875,19819.099609375,19635.439453125,19721.900390625,9900.0,2,0.9951063850019741
2013-09-18,19962.16015625,20013.330078125,19775.2890625,19865.990234375,9300.0,2,0.9927326619716745
2013-09-19,20646.640625,20739.689453125,20347.30078125,20354.73046875,18300.0,1,0.9967512097708553
2013-09-20,20263.7109375,20677.990234375,20051.4296875,20616.349609375,13500.0,1,0.9999920642088407
2013-09-23,19900.9609375,20199.810546875,19826.30078125,20060.8203125,11100.0,2,0.6203898308172228
2013-09-24,19920.2109375,20050.419921875,19782.779296875,19820.029296875,10700.0,2,0.961061461581895
2013-09-25,19856.240234375,19978.490234375,19658.740234375,19947.4296875,13900.0,2,0.7511553470684164
2013-09-26,19893.849609375,19997.279296875,19826.990234375,19853.66015625,14900.0,2,0.9927798006442116
2013-09-27,19727.26953125,19981.5703125,19674.380859375,19951.73046875,11800.0,2,0.9322638613517451
2013-09-30,19379.76953125,19651.310546875,19320.73046875,19643.890625,10000.0,2,0.792327043144187
2013-10-01,19517.150390625,19532.91015625,19264.720703125,19452.05078125,9200.0,2,0.8666949570049945
2013-10-03,19902.0703125,19929.240234375,19583.970703125,19585.7890625,15700.0,1,0.9749272039381784
2013-10-04,19915.94921875,20052.0,19833.169921875,19870.0,12900.0,2,0.986128392798763
2013-10-07,19895.099609375,19921.380859375,19647.880859375,19880.939453125,12300.0,2,0.6478543018105166
2013-10-08,19983.609375,20150.26953125,19936.720703125,20094.2109375,10900.0,2,0.9961706307358051
2013-10-09,20249.259765625,20277.740234375,19826.9609375,19918.19921875,10200.0,1,0.999954093829668
2013-10-10,20272.91015625,20323.76953125,20135.91015625,20228.759765625,10400.0,2,0.9970356787879571
2013-10-11,20528.58984375,20559.689453125,20368.060546875,20535.900390625,11700.0,2,0.9850032784980647
2013-10-14,20607.5390625,20645.939453125,20497.880859375,20534.609375,8900.0,2,0.9974126364248391
2013-10-15,20547.619140625,20759.580078125,20446.73046875,20722.900390625,13600.0,2,0.9459997110402174
2013-10-17,20415.509765625,20629.80078125,20375.419921875,20579.560546875,10300.0,2,0.9896693649747085
2013-10-18,20882.890625,20932.23046875,20486.779296875,20486.779296875,15700.0,1,0.999988642880787
2013-10-21,20893.890625,20970.919921875,20768.990234375,20915.759765625,12200.0,2,0.9956318923593
2013-10-22,20864.970703125,20948.91015625,20810.25,20863.150390625,10700.0,2,0.9970133016873007
2013-10-23,20767.880859375,20922.3203125,20589.720703125,20875.310546875,11200.0,2,0.8651003893877809
2013-10-24,20725.4296875,21039.419921875,20656.69921875,20766.05078125,8200.0,1,0.9771318976322981
2013-10-25,20683.51953125,20782.16015625,20622.55078125,20725.51953125,9600.0,2,0.9979312478549105
2013-10-28,20570.279296875,20771.359375,20550.640625,20696.509765625,8100.0,2,0.9941865710605383
2013-10-29,20929.009765625,20952.55078125,20493.66015625,20593.490234375,11300.0,1,0.9999750834793397
2013-10-30,21033.970703125,21086.58984375,20937.119140625,20944.140625,10400.0,2,0.9950957327130013
2013-10-31,21164.51953125,21205.439453125,20991.98046875,21000.599609375,11900.0,2,0.9816545749573863
2013-11-01,21196.810546875,21293.880859375,21141.3203125,21158.810546875,10000.0,2,0.994359186281411
2013-11-05,20974.7890625,21158.560546875,20951.7109375,21134.099609375,11900.0,2,0.992746301669277
2013-11-06,20894.939453125,21045.380859375,20861.419921875,21004.5390625,10900.0,2,0.9963082594146858
2013-11-07,20822.76953125,21142.849609375,20797.060546875,20896.130859375,11900.0,1,0.9647958280307609
2013-11-08,20666.150390625,20821.009765625,20600.900390625,20785.19921875,10700.0,2,0.9956254420629869
2013-11-11,20490.9609375,20672.529296875,20453.150390625,20596.400390625,10300.0,2,0.9951379642735011
2013-11-12,20281.91015625,20584.220703125,20262.220703125,20510.310546875,10200.0,2,0.8365370097042885
2013-11-13,20194.400390625,20365.58984375,20161.640625,20248.51953125,9000.0,2,0.994498281178669
2013-11-14,20399.419921875,20568.990234375,20348.26953125,20351.390625,12600.0,2,0.8990030031085857
2013-11-18,20850.740234375,20868.759765625,20570.58984375,20570.58984375,10900.0,1,0.6197556881188837
2013-11-19,20890.8203125,20934.400390625,20828.689453125,20870.16015625,11400.0,2,0.9960022511028515
2013-11-20,20635.130859375,20895.30078125,20579.939453125,20857.009765625,8900.0,2,0.9368617912957907
2013-11-21,20229.05078125,20579.259765625,20189.23046875,20579.259765625,8100.0,1,0.9193164533462583
2013-11-22,20217.390625,20388.119140625,20137.669921875,20316.580078125,10600.0,2,0.9948602309578631
2013-11-25,20605.080078125,20626.150390625,20326.66015625,20326.66015625,8200.0,1,0.5820870282626549
2013-11-26,20425.01953125,20604.26953125,20390.619140625,20604.26953125,10500.0,2,0.9921441672484883
2013-11-27,20420.259765625,20482.669921875,20348.060546875,20449.0,7000.0,2,0.9983405196549834
2013-11-28,20534.91015625,20606.380859375,20461.509765625,20522.359375,9000.0,2,0.9980184276460939
2013-11-29,20791.9296875,20819.76953125,20558.9296875,20558.9296875,11200.0,2,0.8572439776723003
2013-12-02,20898.009765625,20941.0,20770.509765625,20771.26953125,9600.0,2,0.9935972532460269
2013-12-03,20854.919921875,20927.05078125,20817.75,20857.849609375,12000.0,2,0.9953854929129916
2013-12-04,20708.7109375,20863.369140625,20673.619140625,20839.44921875,12200.0,2,0.9951662114482503
2013-12-05,20957.810546875,21165.599609375,20929.19921875,20992.25,11900.0,2,0.9462958341759127
2013-12-06,20996.529296875,21049.83984375,20922.44921875,20955.740234375,10100.0,2,0.9968649338115786
2013-12-09,21326.419921875,21483.740234375,21282.640625,21416.669921875,13400.0,2,0.9950141319058695
2013-12-10,21255.259765625,21327.75,21175.080078125,21293.580078125,17300.0,2,0.9941551002149045
2013-12-11,21171.41015625,21215.939453125,21069.44921875,21191.26953125,10600.0,2,0.995637993159567
2013-12-12,20925.609375,21103.80078125,20901.470703125,21101.05078125,9100.0,2,0.9937787194598892
2013-12-13,20715.580078125,20867.169921875,20692.669921875,20867.169921875,9500.0,2,0.9954839267258699
2013-12-16,20659.51953125,20764.51953125,20637.76953125,20714.259765625,10300.0,2,0.9967050278128097
2013-12-17,20612.140625,20784.029296875,20594.990234375,20732.439453125,8300.0,2,0.9964680235590364
2013-12-18,20859.859375,20917.5703125,20568.69921875,20568.69921875,8400.0,1,0.9520329339016811
2013-12-19,20708.619140625,21017.44921875,20646.029296875,20959.80078125,10300.0,2,0.5640498005584375
2013-12-20,21079.720703125,21117.990234375,20745.939453125,20792.369140625,9100.0,1,0.9737970337758587
2013-12-23,21101.029296875,21207.890625,21059.119140625,21080.5390625,6700.0,2,0.9961123077769704
2013-12-24,21032.7109375,21156.919921875,21010.650390625,21127.66015625,5800.0,2,0.9981265930401272
2013-12-26,21074.58984375,21135.849609375,21013.140625,21051.0,7300.0,2,0.9978020245083604
2013-12-27,21193.580078125,21235.140625,21113.25,21114.490234375,5500.0,2,0.9973738819429981
2013-12-30,21143.009765625,21304.69921875,21089.2109375,21260.150390625,6100.0,2,0.9974562183392403
2013-12-31,21170.6796875,21230.880859375,21122.6796875,21177.76953125,5000.0,2,0.9983551550180861
2014-01-01,21140.48046875,21244.349609375,21133.8203125,21222.189453125,4000.0,2,0.9981552307266387
2014-01-02,20888.330078125,21331.3203125,20846.669921875,21179.91015625,9300.0,1,0.9996845650677118
2014-01-03,20851.330078125,20885.1796875,20731.330078125,20819.580078125,9300.0,2,0.9971397875578134
2014-01-06,20787.30078125,20913.7890625,20721.98046875,20913.7890625,7600.0,2,0.9963499574462912
2014-01-07,20693.240234375,20890.48046875,20637.1796875,20845.76953125,8100.0,2,0.9933111652327732
2014-01-08,20729.380859375,20786.41015625,20688.1796875,20767.419921875,8000.0,2,0.9971515668647056
2014-01-09,20713.369140625,20778.130859375,20652.689453125,20755.73046875,9000.0,2,0.9974100108546982
2014-01-10,20758.490234375,20971.23046875,20625.169921875,20760.720703125,10400.0,2,0.8692786114845763
2014-01-13,21134.2109375,21169.080078125,20850.5390625,20850.5390625,7900.0,1,0.7753103438674284
2014-01-14,21032.880859375,21154.759765625,21009.05078125,21115.0,5600.0,2,0.998265380971653
2014-01-15,21289.490234375,21302.73046875,21091.4609375,21091.4609375,9400.0,2,0.974957724208359
2014-01-16,21265.1796875,21379.2890625,21199.650390625,21366.91015625,13400.0,2,0.9946184547833742
2014-01-17,21063.619140625,21270.109375,21015.609375,21236.650390625,12000.0,2,0.987134633887019
2014-01-20,21205.05078125,21221.369140625,21001.130859375,21083.529296875,6000.0,2,0.991803910133984
2014-01-21,21251.119140625,21302.51953125,21189.19921875,21237.9609375,9400.0,2,0.9969615321960282
2014-01-22,21337.669921875,21377.91015625,21168.4296875,21251.650390625,13400.0,2,0.9927050440386095
2014-01-23,21373.66015625,21409.66015625,21264.7109375,21319.689453125,6500.0,2,0.9979902138132293
2014-01-24,21133.560546875,21333.66015625,21123.990234375,21289.150390625,10800.0,2,0.9917870784557126
2014-01-27,20707.44921875,20899.029296875,20688.029296875,20899.029296875,10100.0,2,0.9911120053423192
2014-01-28,20683.509765625,20795.349609375,20554.279296875,20721.169921875,8200.0,2,0.996361983694003
2014-01-29,20647.30078125,20828.6796875,20613.619140625,20784.0390625,7800.0,2,0.9962369726056849
2014-01-30,20498.25,20528.41015625,20343.779296875,20491.740234375,12600.0,2,0.9897289127714645
2014-01-31,20513.849609375,20572.3203125,20448.4296875,20544.640625,6100.0,2,0.9983992150505558
2014-02-03,20209.259765625,20480.349609375,20182.19921875,20479.029296875,5700.0,2,0.9316176645090066
2014-02-04,20211.9296875,20255.51953125,19963.119140625,20050.990234375,9800.0,2,0.9251057782017544
2014-02-05,20261.029296875,20289.330078125,20076.099609375,20241.119140625,9300.0,2,0.9852201222769962
2014-02-06,20310.740234375,20358.189453125,20079.8203125,20286.08984375,12400.0,2,0.9001778176565906
2014-02-07,20376.560546875,20450.509765625,20282.30078125,20441.0390625,11100.0,2,0.9954746896177057
2014-02-10,20334.26953125,20434.5,20312.2109375,20429.16015625,7900.0,2,0.9974405847986438
2014-02-11,20363.369140625,20443.349609375,20349.509765625,20400.939453125,9400.0,2,0.996242565057252
2014-02-12,20448.490234375,20516.599609375,20427.23046875,20449.830078125,10100.0,2,0.995134360346428
2014-02-13,20193.349609375,20503.859375,20164.669921875,20478.669921875,7900.0,2,0.7040358312970376
2014-02-14,20366.8203125,20391.94921875,20149.009765625,20265.130859375,8300.0,2,0.9845323025550345
2014-02-17,20464.060546875,20492.4296875,20338.94921875,20438.869140625,6100.0,2,0.9978893837857797
2014-02-18,20634.2109375,20685.01953125,20436.48046875,20457.560546875,9400.0,2,0.9685612599754378
2014-02-19,20722.970703125,20750.51953125,20629.560546875,20643.849609375,4700.0,2,0.9982279993995694
2014-02-20,20536.640625,20662.66015625,20522.0390625,20661.0703125,6000.0,2,0.9977540863901246
2014-02-21,20700.75,20725.0390625,20599.91015625,20600.580078125,6300.0,2,0.997258998419067
2014-02-24,20811.439453125,20828.630859375,20637.30078125,20695.48046875,12500.0,2,0.9922263739491324
2014-02-25,20852.470703125,20912.5390625,20777.73046875,20877.720703125,9500.0,2,0.997428662929336
2014-02-26,20986.990234375,21005.0390625,20860.01953125,20869.609375,8500.0,2,0.9958521598853174
2014-02-28,21120.119140625,21140.509765625,20989.66015625,20995.390625,11400.0,2,0.9935228924062556
2014-03-03,20946.650390625,21140.0,20920.98046875,21079.26953125,121600.0,0,1.0
2014-03-04,21209.73046875,21224.640625,20940.390625,20947.0,9700.0,2,0.6310297075572261
2014-03-05,21276.859375,21333.19921875,21176.16015625,21280.359375,7500.0,2,0.9979260071560981
2014-03-06,21513.869140625,21525.140625,21329.880859375,21336.3203125,9700.0,2,0.9850856601235021
2014-03-07,21919.7890625,21960.890625,21539.439453125,21539.439453125,15200.0,1,0.9999378115024645
2014-03-10,21934.830078125,22023.98046875,21805.220703125,21819.189453125,15500.0,2,0.9774713701362826
2014-03-11,21826.419921875,22018.51953125,21772.109375,21918.830078125,12000.0,2,0.9912788902435509
2014-03-12,21856.220703125,21965.94921875,21768.140625,21793.3203125,10400.0,2,0.9908079358551778
2014-03-13,21774.609375,21991.359375,21720.130859375,21736.609375,9500.0,2,0.5161953813730895
2014-03-14,21809.80078125,21853.3203125,21573.48046875,21648.05078125,8800.0,2,0.9515028734411874
2014-03-18,21832.609375,22040.720703125,21785.380859375,21849.650390625,8600.0,2,0.9441152431938147
2014-03-19,21832.859375,21895.830078125,21782.009765625,21872.6796875,11000.0,2,0.9953302101603092
2014-03-20,21740.08984375,21853.25,21704.66015625,21797.609375,7600.0,2,0.9976194579934692
2014-03-21,21753.75,21870.109375,21729.900390625,21823.51953125,60600.0,2,0.9918157318863726
2014-03-24,22055.48046875,22074.33984375,21827.5,21827.5,9000.0,2,0.9122466094937576
2014-03-25,22055.2109375,22079.9609375,21916.869140625,21948.310546875,7800.0,2,0.9958891076564423
2014-03-26,22095.30078125,22172.19921875,22020.580078125,22134.7109375,10600.0,2,0.9965910242903898
2014-03-27,22214.369140625,22307.740234375,22094.2890625,22116.23046875,10400.0,2,0.9881380179254374
2014-03-28,22339.970703125,22363.970703125,22185.109375,22273.439453125,9200.0,2,0.9948391409681686
2014-03-31,22386.26953125,22467.2109375,22253.779296875,22423.140625,11200.0,2,0.9932967089404453
2014-04-01,22446.439453125,22485.76953125,22295.650390625,22455.23046875,11000.0,2,0.9880925686449966
2014-04-02,22551.490234375,22592.099609375,22473.4609375,22550.580078125,15700.0,2,0.991563819663029
2014-04-03,22509.0703125,22620.650390625,22369.279296875,22598.189453125,7400.0,2,0.9866814278915756
2014-04-04,22359.5,22525.2109375,22339.400390625,22522.4609375,7100.0,2,0.9949441470098241
2014-04-07,22343.44921875,22481.619140625,22197.509765625,22355.560546875,4700.0,2,0.9942633145632261
2014-04-09,22702.33984375,22740.0390625,22379.94921875,22389.2109375,8500.0,1,0.9794934791070251
2014-04-10,22715.330078125,22792.490234375,22644.4296875,22729.4609375,10900.0,2,0.9963720000312387
2014-04-11,22628.9609375,22679.1796875,22526.890625,22642.05078125,9500.0,2,0.9957765115265805
2014-04-15,22484.9296875,22737.310546875,22416.240234375,22698.08984375,8600.0,2,0.9363040906109245
2014-04-16,22277.23046875,22533.609375,22247.390625,22486.73046875,6700.0,2,0.972258059919347
2014-04-17,22628.83984375,22648.689453125,22312.189453125,22327.759765625,8500.0,1,0.9154719319872806
2014-04-21,22764.830078125,22795.580078125,22636.75,22644.75,9100.0,2,0.9932089789585897
2014-04-22,22758.369140625,22853.029296875,22727.630859375,22771.240234375,9000.0,2,0.9948635553641076
2014-04-23,22876.5390625,22912.51953125,22780.130859375,22783.650390625,7200.0,2,0.9950417376024554
2014-04-25,22688.0703125,22939.310546875,22656.640625,22892.5,7500.0,2,0.9735752959779987
2014-04-28,22631.609375,22721.359375,22597.189453125,22717.58984375,6900.0,2,0.9962799385570172
2014-04-29,22466.189453125,22681.890625,22443.560546875,22654.279296875,7700.0,2,0.9895463349966374
2014-04-30,22417.80078125,22680.4609375,22284.9609375,22517.630859375,9700.0,2,0.6791099597416121
2014-05-02,22403.890625,22575.619140625,22386.94921875,22493.58984375,6300.0,2,0.9956225663515029
2014-05-05,22445.119140625,22592.029296875,22354.44921875,22412.80078125,11700.0,2,0.9848956169520404
2014-05-06,22508.419921875,22602.7109375,22475.650390625,22512.23046875,6200.0,2,0.9964747647670348
2014-05-07,22323.900390625,22532.8203125,22286.259765625,22488.9609375,10800.0,2,0.9887330478933144
2014-05-08,22344.0390625,22443.130859375,22277.0390625,22382.140625,6000.0,2,0.998231215767347
2014-05-09,22994.23046875,23048.490234375,22317.1796875,22374.98046875,11300.0,1,0.9998734203227863
2014-05-12,23551.0,23572.880859375,23008.650390625,23031.109375,12400.0,1,0.9999820858065621
2014-05-13,23871.23046875,24068.939453125,23729.25,23729.779296875,18200.0,1,0.960472147425302
2014-05-14,23815.119140625,23964.669921875,23753.359375,23897.880859375,11500.0,2,0.9946790731494378
2014-05-15,23905.599609375,23971.779296875,23742.75,23809.419921875,14900.0,2,0.9879105317969609
2014-05-16,24121.740234375,25375.630859375,23873.16015625,24271.5390625,35700.0,0,0.9999998086293701
2014-05-19,24363.05078125,24448.470703125,24107.990234375,24340.3203125,23500.0,2,0.7268958399577838
2014-05-20,24376.880859375,24587.16015625,24299.529296875,24555.310546875,19000.0,2,0.9610855426463141
2014-05-21,24298.01953125,24419.5390625,24156.470703125,24404.48046875,18000.0,2,0.9547906093044525
2014-05-22,24374.400390625,24524.759765625,24326.48046875,24415.419921875,14500.0,2,0.9896050275738811
2014-05-23,24693.349609375,24745.859375,24470.779296875,24535.140625,21200.0,2,0.9374238025872882
2014-05-26,24716.880859375,25175.220703125,24433.900390625,24913.890625,21900.0,1,0.9999940335464361
2014-05-27,24549.509765625,24777.310546875,24422.330078125,24748.099609375,12600.0,2,0.758065795745677
2014-05-28,24556.08984375,24643.330078125,24488.810546875,24591.609375,15100.0,2,0.9922288924594282
2014-05-29,24234.150390625,24528.19921875,24206.5,24523.130859375,16000.0,2,0.6916772360699456
2014-05-30,24217.33984375,24353.58984375,24163.619140625,24300.990234375,14900.0,2,0.9927954386735546
2014-06-02,24684.849609375,24709.08984375,24270.19921875,24368.9609375,14400.0,1,0.9997455992795099
2014-06-03,24858.58984375,24892.060546875,24626.970703125,24729.220703125,21100.0,2,0.9481058573954547
2014-06-04,24805.830078125,24925.900390625,24773.9296875,24909.029296875,14800.0,2,0.9880002285448843
2014-06-05,25019.509765625,25044.060546875,24644.880859375,24828.380859375,17500.0,1,0.9872517510273379
2014-06-06,25396.4609375,25419.140625,25129.759765625,25204.94921875,18100.0,2,0.8174892634704849
2014-06-09,25580.2109375,25644.76953125,25496.83984375,25543.599609375,15300.0,2,0.9882262498607363
2014-06-10,25583.689453125,25711.109375,25347.330078125,25706.349609375,13600.0,1,0.9284547472987409
2014-06-11,25473.890625,25735.869140625,25365.650390625,25650.619140625,14000.0,2,0.8141600808745768
2014-06-12,25576.2109375,25611.3203125,25409.689453125,25597.2109375,10200.0,2,0.9565320203598153
2014-06-13,25228.169921875,25688.310546875,25171.609375,25677.05078125,14700.0,1,0.9999785567747856
2014-06-16,25190.48046875,25268.41015625,25063.9296875,25239.5,12000.0,2,0.9874229652923122
2014-06-17,25521.189453125,25545.880859375,25104.5,25189.4609375,11300.0,1,0.9998441782792051
2014-06-18,25246.25,25609.279296875,25114.30078125,25565.189453125,13200.0,1,0.9985513890244645
2014-06-19,25201.80078125,25425.849609375,25069.66015625,25327.08984375,15200.0,2,0.9106368961687283
2014-06-20,25105.509765625,25276.310546875,25056.1796875,25237.5390625,8800.0,2,0.9925368035760215
2014-06-23,25031.3203125,25197.5,24878.66015625,25108.08984375,10200.0,2,0.9713548034431062
2014-06-24,25368.900390625,25414.689453125,25115.830078125,25115.830078125,9700.0,1,0.508406573071588
2014-06-25,25313.740234375,25427.80078125,25274.390625,25421.490234375,7700.0,2,0.9927985082822994
2014-06-26,25062.669921875,25309.330078125,25021.23046875,25217.689453125,10300.0,2,0.9652870707819049
2014-06-27,25099.919921875,25209.609375,25032.939453125,25132.080078125,10100.0,2,0.9948818816515377
2014-06-30,25413.779296875,25460.9609375,25179.55078125,25179.55078125,9500.0,2,0.7090198777597374
2014-07-01,25516.349609375,25571.900390625,25466.76953125,25469.939453125,10600.0,2,0.9806918392141148
2014-07-02,25841.2109375,25864.529296875,25660.16015625,25660.5703125,12300.0,2,0.9578984236798763
2014-07-03,25823.75,25999.080078125,25793.69921875,25875.75,3700.0,2,0.9902526318182079
2014-07-04,25962.060546875,25981.509765625,25659.330078125,25844.80078125,9500.0,1,0.5665087241424581
2014-07-07,26100.080078125,26123.55078125,25992.73046875,26039.669921875,8900.0,2,0.9895113888761164
2014-07-08,25582.109375,26190.439453125,25495.0390625,26166.919921875,12700.0,1,0.9999872666563284
2014-07-09,25444.810546875,25683.970703125,25364.76953125,25615.279296875,10500.0,2,0.9543301864624328
2014-07-10,25372.75,25920.4609375,25239.890625,25513.740234375,16900.0,1,0.9999679835611679
2014-07-11,25024.349609375,25548.330078125,24978.330078125,25488.859375,18600.0,1,0.9999950400763434
2014-07-14,25006.98046875,25095.759765625,24892.0,25093.16015625,11400.0,2,0.9825154385102655
2014-07-15,25228.650390625,25254.48046875,25020.3203125,25100.900390625,8100.0,2,0.980502251046892
2014-07-16,25549.720703125,25602.779296875,25246.75,25322.169921875,9600.0,1,0.7395709827745183
2014-07-17,25561.16015625,25613.029296875,25494.4609375,25540.919921875,21900.0,2,0.9764056981993264
2014-07-18,25641.560546875,25713.400390625,25441.240234375,25558.48046875,8300.0,2,0.9815392304706181
2014-07-21,25715.169921875,25861.150390625,25677.7109375,25776.5390625,7600.0,2,0.9932791297103039
2014-07-22,26025.80078125,26050.380859375,25780.390625,25784.48046875,8500.0,2,0.7595040098001273
2014-07-23,26147.330078125,26188.640625,26000.400390625,26130.259765625,8200.0,2,0.9895149253838298
2014-07-24,26271.849609375,26292.66015625,26077.69921875,26188.5,7800.0,2,0.9817517156054522
2014-07-25,26126.75,26300.169921875,26007.310546875,26257.140625,11100.0,2,0.9715332576511287
2014-07-28,25991.23046875,26181.830078125,25900.25,26173.470703125,7400.0,2,0.9666727257252378
2014-07-30,26087.419921875,26113.48046875,25850.0390625,26005.140625,9200.0,2,0.9302253953747786
2014-07-31,25894.970703125,26118.880859375,25853.689453125,26105.890625,9200.0,2,0.9683219199324035
2014-08-01,25480.83984375,25862.6796875,25459.130859375,25753.919921875,12700.0,1,0.9306933667346533
2014-08-04,25723.16015625,25754.419921875,25531.380859375,25631.6796875,7400.0,2,0.986719935457353
2014-08-05,25908.009765625,25928.3203125,25562.359375,25817.83984375,8800.0,1,0.9823011056662272
2014-08-06,25665.26953125,25901.6796875,25621.849609375,25892.55078125,6800.0,2,0.9607149388165358
2014-08-07,25589.009765625,25778.05078125,25526.05078125,25668.7109375,7100.0,2,0.9908593323484621
2014-08-08,25329.140625,25406.869140625,25232.8203125,25406.869140625,7500.0,2,0.9899952046992456
2014-08-11,25519.240234375,25553.439453125,25437.05078125,25476.869140625,6000.0,2,0.9933367856469313
2014-08-12,25880.76953125,25904.98046875,25645.7890625,25703.779296875,8100.0,2,0.9422409704606689
2014-08-13,25918.94921875,25972.619140625,25791.7890625,25861.470703125,8800.0,2,0.9933762031711565
2014-08-14,26103.23046875,26135.0,25945.349609375,25948.30078125,10100.0,2,0.9750501664822221
2014-08-18,26390.9609375,26413.109375,26075.279296875,26123.689453125,8200.0,1,0.8160938263991878
2014-08-19,26420.669921875,26530.669921875,26387.83984375,26482.560546875,10400.0,2,0.9889627969731061
2014-08-20,26314.2890625,26504.51953125,26277.609375,26496.2890625,8900.0,2,0.9827879264762625
2014-08-21,26360.109375,26464.80078125,26262.51953125,26322.66015625,6500.0,2,0.9930433867909665
2014-08-22,26419.55078125,26508.26953125,26383.16015625,26419.529296875,6700.0,2,0.9888927561061502
2014-08-25,26437.01953125,26630.740234375,26401.640625,26490.310546875,10000.0,2,0.9700423969710809
2014-08-26,26442.810546875,26481.970703125,26314.890625,26349.869140625,9500.0,2,0.9888645611645775
2014-08-27,26560.150390625,26599.119140625,26492.5,26553.240234375,6600.0,2,0.9889019406902955
2014-08-28,26638.109375,26674.380859375,26573.689453125,26620.1796875,6700.0,2,0.9872465734082446
2014-09-01,26867.55078125,26900.30078125,26732.390625,26733.1796875,9200.0,2,0.9782950240654581
2014-09-02,27019.390625,27082.849609375,26886.220703125,26888.2109375,8000.0,2,0.9739329706482398
2014-09-03,27139.939453125,27225.849609375,27067.01953125,27128.060546875,9700.0,2,0.9901103998875538
2014-09-04,27085.9296875,27169.119140625,26972.390625,27164.94921875,7400.0,2,0.9826151659170306
2014-09-05,27026.69921875,27178.80078125,26920.560546875,27127.259765625,7100.0,2,0.9895097167458201
2014-09-08,27319.849609375,27354.990234375,27144.560546875,27145.119140625,7300.0,2,0.9593817269630084
2014-09-09,27265.3203125,27328.26953125,27177.08984375,27316.4296875,7600.0,2,0.9865509747998392
2014-09-10,27057.41015625,27251.439453125,27018.109375,27230.939453125,5900.0,2,0.9863985441024009
2014-09-11,26995.869140625,27150.779296875,26904.5,27143.220703125,7600.0,2,0.9806748871072617
2014-09-12,27061.0390625,27096.869140625,26965.91015625,27048.150390625,8000.0,2,0.9879924780422398
2014-09-15,26816.560546875,26998.0703125,26790.91015625,26998.0703125,6000.0,2,0.9858220443261076
2014-09-16,26492.509765625,26861.2890625,26464.029296875,26854.900390625,9400.0,1,0.9427577113175281
2014-09-17,26631.2890625,26682.640625,26511.7109375,26627.2109375,7600.0,2,0.9920131083523901
2014-09-18,27112.2109375,27132.19921875,26503.080078125,26573.890625,7000.0,1,0.9999437076456178
2014-09-19,27090.419921875,27247.169921875,27047.6796875,27139.390625,7300.0,2,0.9891312065170024
2014-09-22,27206.740234375,27254.80078125,26918.9296875,27008.119140625,7100.0,2,0.5744917893293703
2014-09-23,26775.689453125,27256.869140625,26744.0703125,27244.98046875,7900.0,1,0.9999767119240149
2014-09-24,26744.689453125,26844.69921875,26560.0,26817.939453125,12300.0,2,0.8878241053949193
2014-09-25,26468.359375,26814.19921875,26349.55078125,26808.66015625,11000.0,1,0.9964226361657544
2014-09-26,26626.3203125,26721.029296875,26220.490234375,26429.30078125,10000.0,1,0.999852087881371
2014-09-29,26597.109375,26715.76953125,26518.009765625,26694.41015625,6500.0,2,0.9927387438341287
2014-09-30,26630.509765625,26851.330078125,26481.310546875,26610.7109375,8200.0,2,0.6802300069825897
2014-10-01,26567.990234375,26683.69921875,26548.220703125,26681.470703125,7900.0,2,0.9867137451814917
2014-10-07,26271.970703125,26570.380859375,26250.240234375,26487.509765625,10200.0,2,0.8314714084241693
2014-10-08,26246.7890625,26338.310546875,26150.08984375,26229.669921875,8600.0,2,0.9941710540222284
2014-10-09,26637.279296875,26688.69921875,26394.2109375,26394.369140625,7500.0,2,0.5690972443488593
2014-10-10,26297.380859375,26555.919921875,26261.609375,26551.740234375,9200.0,2,0.9039931493757754
2014-10-13,26384.0703125,26443.16015625,26092.689453125,26275.0703125,6400.0,2,0.5878492571209432
2014-10-14,26349.330078125,26550.7890625,26212.009765625,26537.419921875,11900.0,2,0.772301638358786
2014-10-16,25999.33984375,26462.080078125,25933.98046875,26260.349609375,10700.0,1,0.9999555679043182
2014-10-17,26108.529296875,26248.5390625,25910.76953125,25950.0,9400.0,1,0.5110732086052769
2014-10-20,26429.849609375,26517.900390625,26368.939453125,26434.16015625,9300.0,2,0.9916274906316672
2014-10-21,26575.650390625,26615.41015625,26407.0,26552.44921875,8400.0,2,0.9834274808224416
2014-10-22,26787.23046875,26818.330078125,26712.2109375,26782.5703125,6000.0,2,0.9877145583853802
2014-10-27,26752.900390625,26994.9609375,26726.83984375,26959.5703125,6500.0,2,0.9692332556274635
2014-10-28,26880.8203125,26907.140625,26764.150390625,26788.73046875,6800.0,2,0.9886568927082273
2014-10-29,27098.169921875,27126.30078125,26971.16015625,27017.439453125,8100.0,2,0.9885834419721302
2014-10-30,27346.330078125,27390.599609375,27088.650390625,27098.939453125,7000.0,2,0.5192536659414205
2014-10-31,27865.830078125,27894.3203125,27438.279296875,27439.060546875,11600.0,1,0.9999905824822354
2014-11-03,27860.380859375,27969.8203125,27785.400390625,27943.0390625,9500.0,2,0.9883315486057384
2014-11-05,27915.880859375,28010.390625,27857.650390625,27907.189453125,8700.0,2,0.9857778011980872
2014-11-07,27868.630859375,27980.9296875,27739.560546875,27902.7109375,10500.0,2,0.9891845086261514
2014-11-10,27874.73046875,28027.9609375,27764.75,27919.44921875,7900.0,2,0.9901990754444134
2014-11-11,27910.060546875,27996.919921875,27790.400390625,27911.25,7000.0,2,0.9928700571612974
2014-11-12,28008.900390625,28126.48046875,27958.640625,27958.640625,7000.0,2,0.9524064412697054
2014-11-13,27940.640625,28098.740234375,27822.69921875,28048.560546875,8700.0,2,0.9808385678646888
2014-11-14,28046.66015625,28093.23046875,27912.900390625,27949.5390625,9900.0,2,0.9829162501199171
2014-11-17,28177.880859375,28205.7109375,27921.33984375,28018.6796875,6700.0,2,0.8892312107949301
2014-11-18,28163.2890625,28282.849609375,28119.94921875,28209.029296875,7300.0,2,0.9889287387955955
2014-11-19,28032.849609375,28294.009765625,27963.509765625,28193.900390625,6800.0,2,0.930727014874517
2014-11-20,28067.560546875,28118.529296875,27915.23046875,28100.83984375,8700.0,2,0.961177046581148
2014-11-21,28334.630859375,28360.66015625,28038.400390625,28100.099609375,10100.0,1,0.5747302581208283
2014-11-24,28499.5390625,28541.9609375,28394.48046875,28413.009765625,9700.0,2,0.9764902998997635
2014-11-25,28338.05078125,28541.220703125,28217.5,28520.759765625,10800.0,2,0.8780784208684339
2014-11-26,28386.189453125,28470.150390625,28261.310546875,28321.580078125,8700.0,2,0.9868011198125923
2014-11-27,28438.91015625,28498.30078125,28307.580078125,28397.80078125,11900.0,2,0.9862332565832509
2014-11-28,28693.990234375,28822.369140625,28483.990234375,28490.7109375,14600.0,1,0.8409177998149326
2014-12-01,28559.619140625,28809.640625,28538.439453125,28748.220703125,8300.0,2,0.9497680206849076
2014-12-02,28444.009765625,28576.390625,28386.4609375,28522.4609375,11200.0,2,0.9871114415651668
2014-12-03,28442.7109375,28504.650390625,28370.73046875,28472.3203125,10100.0,2,0.9796329060031335
2014-12-04,28562.8203125,28808.779296875,28448.94921875,28616.9296875,10400.0,2,0.8121986474097684
2014-12-05,28458.099609375,28651.75,28409.05078125,28604.5,7700.0,2,0.983561991267573
2014-12-08,28119.400390625,28494.849609375,28097.119140625,28433.0,9500.0,1,0.8964003132270966
2014-12-09,27797.009765625,28157.529296875,27763.8203125,28134.220703125,9600.0,1,0.8888916773290351
2014-12-10,27831.099609375,27905.25,27710.029296875,27711.9609375,9900.0,2,0.9637292122802126
2014-12-11,27602.009765625,27796.33984375,27539.470703125,27796.33984375,9800.0,2,0.9634073107720479
2014-12-12,27350.6796875,27692.3203125,27320.05078125,27598.9609375,10900.0,1,0.6052194461339675
2014-12-15,27319.560546875,27392.1796875,27105.0390625,27136.279296875,9100.0,2,0.8552785856009161
2014-12-16,26781.439453125,27199.369140625,26736.23046875,27181.1796875,14300.0,1,0.9985221636416391
2014-12-17,26710.130859375,26871.91015625,26469.419921875,26724.009765625,16600.0,2,0.5791552977904928
2014-12-18,27126.5703125,27180.919921875,26900.5703125,27053.859375,11200.0,2,0.9481900950818366
2014-12-19,27371.83984375,27497.119140625,27292.140625,27292.55078125,11800.0,2,0.921447637077228
2014-12-22,27701.7890625,27725.26953125,27382.3203125,27479.869140625,7400.0,1,0.7159368238235684
2014-12-23,27506.4609375,27851.099609375,27475.130859375,27733.119140625,8600.0,1,0.6501111555394229
2014-12-24,27208.609375,27571.25,27146.51953125,27530.259765625,10600.0,1,0.9426986608162466
2014-12-30,27403.5390625,27478.30078125,27312.2890625,27478.30078125,6100.0,2,0.9860029946544269
2014-12-31,27499.419921875,27527.240234375,27346.0,27358.30078125,6500.0,2,0.9803761681795128
2015-01-02,27887.900390625,27937.470703125,27519.259765625,27521.279296875,7400.0,1,0.9998114766667782
2015-01-05,27842.3203125,28064.490234375,27786.849609375,27978.4296875,9200.0,2,0.9752116659996869
2015-01-06,26987.4609375,27698.9296875,26937.060546875,27694.23046875,14100.0,1,0.9999786800353471
2015-01-07,26908.8203125,27051.599609375,26776.119140625,26983.4296875,12200.0,2,0.9832540414055297
2015-01-08,27274.7109375,27316.41015625,27101.939453125,27178.76953125,8200.0,2,0.9864413704759125
2015-01-09,27458.380859375,27507.669921875,27119.630859375,27404.189453125,11100.0,1,0.9866703506287314
2015-01-12,27585.26953125,27620.66015625,27323.740234375,27523.859375,7500.0,2,0.7542581605872188
2015-01-13,27425.73046875,27670.189453125,27324.580078125,27611.560546875,7800.0,2,0.9027924000806372
2015-01-14,27346.8203125,27512.80078125,27203.25,27432.140625,10200.0,2,0.9721534863816947
2015-01-15,28075.55078125,28194.609375,27703.69921875,27831.16015625,16700.0,1,0.9996171587247314
2015-01-16,28121.890625,28176.099609375,27945.310546875,28056.609375,12100.0,2,0.9809813818250924
2015-01-19,28262.009765625,28334.060546875,28197.359375,28249.83984375,10900.0,2,0.9809464685366991
2015-01-20,28784.669921875,28829.2890625,28324.849609375,28324.849609375,11100.0,1,0.9999896771645663
2015-01-21,28888.859375,28958.099609375,28792.5703125,28843.08984375,15400.0,2,0.9769237381765447
2015-01-22,29006.01953125,29060.41015625,28892.23046875,28957.7890625,11100.0,2,0.9827451913972411
2015-01-23,29278.83984375,29408.73046875,29165.560546875,29189.44921875,11900.0,2,0.9083282023433125
2015-01-27,29571.0390625,29618.58984375,29286.08984375,29451.650390625,11300.0,2,0.6320636418238624
2015-01-28,29559.1796875,29786.3203125,29417.669921875,29565.720703125,11200.0,2,0.7386266697688361
2015-01-29,29681.76953125,29740.630859375,29378.30078125,29516.490234375,12700.0,1,0.6057730357625875
2015-01-30,29182.94921875,29844.16015625,29070.48046875,29801.599609375,15800.0,1,0.9999868262998823
2015-02-02,29122.26953125,29268.130859375,28958.51953125,29143.630859375,18000.0,2,0.9703699563609005
2015-02-03,29000.140625,29253.060546875,28900.41015625,29217.400390625,16600.0,2,0.774428351912834
2015-02-04,28883.109375,29133.619140625,28824.6796875,29129.849609375,15800.0,2,0.8274803744027485
2015-02-05,28850.970703125,29277.830078125,28753.2890625,28912.380859375,12800.0,1,0.999982305705891
2015-02-06,28717.91015625,28922.849609375,28647.140625,28892.2109375,11400.0,2,0.9635055222120968
2015-02-09,28227.390625,28566.5,28183.3203125,28566.5,11700.0,1,0.8606353745264232
2015-02-10,28355.619140625,28633.720703125,28044.490234375,28122.48046875,14600.0,1,0.9999863295865242
2015-02-11,28533.970703125,28618.91015625,28424.390625,28450.259765625,13800.0,2,0.9693290129018174
2015-02-12,28805.099609375,28838.51953125,28406.25,28650.25,13800.0,1,0.9987938975261431
2015-02-13,29094.9296875,29154.669921875,28835.69921875,28888.990234375,17600.0,2,0.6360692384432766
2015-02-16,29135.880859375,29325.349609375,29083.400390625,29170.76953125,10500.0,2,0.9515092456134674
2015-02-18,29320.259765625,29411.3203125,29126.91015625,29136.0703125,11000.0,2,0.7142100897839472
2015-02-19,29462.26953125,29522.859375,29108.150390625,29434.91015625,11900.0,1,0.9984808544007663
2015-02-20,29231.41015625,29462.08984375,29178.259765625,29446.2109375,11500.0,2,0.9277619127748264
2015-02-23,28975.109375,29362.9609375,28913.16015625,29316.580078125,8800.0,1,0.9853715730831312
2015-02-24,29004.66015625,29130.669921875,28875.939453125,29016.55078125,10200.0,2,0.987493237834563
2015-02-25,29007.990234375,29269.830078125,28967.609375,29115.3203125,8000.0,2,0.8563836829636119
2015-02-26,28746.650390625,29069.130859375,28693.8203125,29051.900390625,10700.0,1,0.6832167145983755
2015-02-27,29220.119140625,29254.01953125,28837.060546875,28865.119140625,16500.0,1,0.9994568206750077
2015-03-02,29459.140625,29576.3203125,29259.76953125,29533.419921875,15300.0,2,0.7903791614577658
2015-03-03,29593.73046875,29636.859375,29364.869140625,29500.189453125,12200.0,2,0.9277151989222845
2015-03-04,29380.73046875,30024.740234375,29289.05078125,29937.26953125,17000.0,1,0.999990548050384
2015-03-05,29448.94921875,29518.3203125,29162.470703125,29436.76953125,13400.0,1,0.8189654245232612
2015-03-09,28844.779296875,29321.060546875,28799.759765625,29316.5390625,11800.0,1,0.9999840231453289
2015-03-10,28709.869140625,28949.109375,28584.490234375,28924.060546875,11200.0,2,0.6503456015825506
2015-03-11,28659.169921875,28843.23046875,28608.1796875,28725.75,12500.0,2,0.9747942469696871
2015-03-12,28930.41015625,28971.009765625,28772.7109375,28798.609375,11100.0,2,0.9667787822273785
2015-03-13,28503.30078125,29183.759765625,28448.48046875,29134.9296875,11500.0,1,0.999980707679785
2015-03-16,28437.7109375,28581.8203125,28384.08984375,28546.310546875,11100.0,2,0.9851763037792083
2015-03-17,28736.380859375,28784.349609375,28435.44921875,28595.0,11000.0,1,0.5257956547433963
2015-03-18,28622.119140625,28806.970703125,28546.759765625,28766.869140625,9700.0,2,0.9791539984207954
2015-03-19,28469.669921875,28978.740234375,28411.69921875,28805.220703125,11400.0,1,0.9999898520509247
2015-03-20,28261.080078125,28484.359375,28209.66015625,28465.439453125,13900.0,2,0.9449726141705558
2015-03-23,28192.01953125,28385.140625,28163.900390625,28317.2890625,10000.0,2,0.9802552572037195
2015-03-24,28161.720703125,28455.3203125,28130.08984375,28209.330078125,9700.0,1,0.9129232500465931
2015-03-25,28111.830078125,28249.599609375,28031.419921875,28216.08984375,17400.0,2,0.9814262817449375
2015-03-26,27457.580078125,27997.140625,27384.869140625,27937.619140625,12700.0,1,0.9999932176732444
2015-03-27,27458.640625,27694.41015625,27248.44921875,27649.779296875,11400.0,1,0.970352123719368
2015-03-30,27975.859375,28017.970703125,27624.759765625,27655.7890625,11100.0,1,0.9955011260564778
2015-03-31,27957.490234375,28180.640625,27868.2109375,28069.849609375,11100.0,2,0.9642554065115987
2015-04-01,28260.140625,28298.33984375,27889.01953125,27954.859375,8100.0,1,0.9966891714375362
2015-04-06,28504.4609375,28530.810546875,28221.990234375,28351.939453125,8300.0,2,0.729455361897329
2015-04-07,28516.58984375,28641.080078125,28274.359375,28582.330078125,11900.0,1,0.6496246304986854
2015-04-08,28707.75,28763.060546875,28566.609375,28601.490234375,9800.0,2,0.9779205681973624
2015-04-09,28885.2109375,28906.7109375,28622.439453125,28858.419921875,13100.0,1,0.6428775679095012
2015-04-10,28879.380859375,28907.810546875,28756.75,28889.26953125,8000.0,2,0.9653900743334246
2015-04-13,29044.439453125,29072.509765625,28843.939453125,28955.130859375,8500.0,2,0.9665096509976976
2015-04-15,28799.689453125,29094.609375,28721.630859375,29087.25,10500.0,1,0.6180785229745592
2015-04-16,28666.0390625,28876.23046875,28497.69921875,28876.23046875,8400.0,1,0.7689728751598472
2015-04-17,28442.099609375,28696.189453125,28403.759765625,28682.970703125,13900.0,2,0.885269693375779
2015-04-20,27886.2109375,28539.4609375,27802.369140625,28525.650390625,19000.0,1,0.9999892226015085
2015-04-21,27676.0390625,27976.9296875,27598.2109375,27860.509765625,20700.0,2,0.6833652936255796
2015-04-22,27890.130859375,27947.259765625,27385.48046875,27756.6796875,11700.0,1,0.9999858409639252
2015-04-23,27735.01953125,28087.779296875,27621.1796875,27977.26953125,11400.0,1,0.960149038072704
2015-04-24,27437.939453125,27829.109375,27344.69921875,27804.580078125,12000.0,1,0.998658009511226
2015-04-27,27176.990234375,27567.279296875,27141.55078125,27565.490234375,12100.0,1,0.9899315584252293
2015-04-28,27396.380859375,27482.140625,27073.25,27215.609375,10300.0,1,0.9105314052764386
2015-04-29,27225.9296875,27438.9609375,27176.5390625,27395.7109375,9500.0,2,0.9780036560355919
2015-04-30,27011.310546875,27242.05078125,26897.5390625,27242.05078125,10900.0,2,0.6747982826229639
2015-05-04,27490.58984375,27537.849609375,27159.44921875,27204.630859375,8300.0,1,0.9734513789639376
2015-05-05,27440.140625,27603.7109375,27338.23046875,27561.3203125,11300.0,2,0.9813223676312991
2015-05-06,26717.369140625,27501.150390625,26677.640625,27473.359375,14200.0,1,0.999959702829409
2015-05-07,26599.109375,26850.369140625,26423.990234375,26721.33984375,12500.0,1,0.5495896507910879
2015-05-08,27105.390625,27196.279296875,26814.380859375,26814.380859375,8800.0,1,0.9922493846286604
2015-05-11,27507.30078125,27544.240234375,27231.279296875,27249.419921875,11300.0,1,0.6359952857903841
2015-05-12,26877.48046875,27502.91015625,26837.390625,27502.91015625,12400.0,1,0.9999875381252642
2015-05-13,27251.099609375,27299.80078125,26750.009765625,27023.7109375,13600.0,1,0.9999925765537325
2015-05-14,27206.060546875,27293.990234375,26948.619140625,27290.169921875,8900.0,1,0.9486819775303865
2015-05-15,27324.0,27379.5703125,27159.759765625,27233.900390625,9300.0,2,0.9868025033409021
2015-05-18,27687.30078125,27725.970703125,27370.279296875,27416.970703125,7800.0,1,0.9009821183381588
2015-05-19,27645.529296875,27872.23046875,27574.0703125,27663.080078125,10600.0,2,0.8138795688473444
2015-05-20,27837.2109375,27903.009765625,27743.990234375,27749.30078125,16400.0,2,0.9617517253383515
2015-05-21,27809.349609375,27911.439453125,27712.73046875,27885.359375,8400.0,2,0.9882571579011256
2015-05-22,27957.5,28071.16015625,27828.609375,27849.5390625,17800.0,2,0.9234752904130582
2015-05-25,27643.880859375,27903.2890625,27614.3203125,27893.25,8300.0,2,0.9096896481361856
2015-05-26,27531.41015625,27675.939453125,27473.5390625,27633.66015625,7100.0,2,0.9919477767469116
2015-05-27,27564.66015625,27595.80078125,27363.720703125,27447.400390625,8600.0,2,0.9754267638726624
2015-05-28,27506.7109375,27666.369140625,27354.349609375,27619.310546875,9000.0,2,0.9448580395752053
2015-05-29,27828.439453125,27888.3203125,27467.23046875,27553.029296875,12500.0,1,0.9946636505259736
2015-06-01,27848.990234375,27959.4296875,27737.580078125,27770.7890625,9600.0,2,0.9721300576568422
2015-06-02,27188.380859375,27902.529296875,27146.6796875,27890.73046875,14500.0,1,0.9999800585234704
2015-06-03,26837.19921875,27276.220703125,26698.259765625,27230.6796875,14000.0,1,0.99999354582746
2015-06-04,26813.419921875,26948.83984375,26551.970703125,26940.640625,11600.0,1,0.9902361504147449
2015-06-05,26768.490234375,27014.419921875,26718.439453125,26819.8203125,11900.0,2,0.7842513190234227
2015-06-08,26523.08984375,26827.060546875,26472.869140625,26814.310546875,7900.0,2,0.5782269333110674
2015-06-09,26481.25,26604.650390625,26438.3203125,26510.2890625,11000.0,2,0.9884366326518986
2015-06-10,26840.5,26934.740234375,26493.2890625,26517.3203125,8400.0,1,0.9998102944647873
2015-06-11,26370.98046875,27000.140625,26348.9296875,26959.98046875,11300.0,1,0.9999858153648276
2015-06-12,26425.30078125,26489.580078125,26307.0703125,26340.3203125,9600.0,2,0.9887692813374823
2015-06-15,26586.55078125,26728.599609375,26307.83984375,26498.669921875,11000.0,1,0.7434478526587747
2015-06-16,26686.509765625,26731.349609375,26379.9296875,26586.859375,13100.0,1,0.6886175809215277
2015-06-17,26832.66015625,26983.48046875,26728.890625,26815.41015625,23000.0,2,0.9762278910756882
2015-06-18,27115.830078125,27175.390625,26910.259765625,26916.990234375,10500.0,2,0.8492779533730744
2015-06-19,27316.169921875,27404.599609375,27202.380859375,27207.759765625,8100.0,2,0.9693145380115029
2015-06-22,27730.2109375,27782.310546875,27417.029296875,27427.189453125,8100.0,1,0.9784719871366834
2015-06-23,27804.369140625,27882.66015625,27666.58984375,27760.109375,8600.0,2,0.9908063555225937
2015-06-24,27729.669921875,27948.240234375,27647.2890625,27852.3203125,9400.0,2,0.9733621329162616
2015-06-25,27895.970703125,27968.75,27635.759765625,27660.220703125,10100.0,1,0.6887731176172147
2015-06-26,27811.83984375,27921.859375,27675.16015625,27880.720703125,9600.0,2,0.980884487421038
2015-06-29,27645.150390625,27695.3203125,27209.189453125,27451.0703125,10900.0,1,0.9999503098354168
2015-06-30,27780.830078125,27814.529296875,27570.94921875,27627.390625,9500.0,2,0.9583146224045058
2015-07-01,28020.869140625,28099.25,27799.91015625,27823.650390625,18400.0,2,0.7113933422697878
2015-07-02,27945.80078125,28115.9609375,27906.349609375,28100.380859375,6800.0,2,0.9859803290119106
2015-07-03,28092.7890625,28135.4296875,27897.44921875,27973.119140625,6000.0,2,0.9787458023065825
2015-07-06,28208.759765625,28235.310546875,27774.80078125,27857.19921875,8300.0,1,0.9999622229971827
2015-07-07,28171.689453125,28335.23046875,28084.359375,28220.109375,8000.0,2,0.9889973633188854
2015-07-08,27687.720703125,28031.44921875,27635.720703125,28031.44921875,13700.0,1,0.9143260617224461
2015-07-09,27573.66015625,27798.130859375,27540.599609375,27681.490234375,8200.0,2,0.9671757329904906
2015-07-10,27661.400390625,27729.4609375,27530.900390625,27705.359375,10800.0,2,0.9778198832106387
2015-07-13,27961.189453125,28005.169921875,27635.060546875,27739.3203125,7800.0,1,0.8496747168755167
2015-07-14,27932.900390625,28018.58984375,27853.9609375,27986.919921875,6900.0,2,0.9903689890225396
2015-07-15,28198.2890625,28218.369140625,27986.48046875,28022.140625,6000.0,2,0.9527258067054855
2015-07-16,28446.119140625,28478.4296875,28245.810546875,28259.69921875,8500.0,2,0.9283437829096637
2015-07-17,28463.310546875,28576.3203125,28417.4609375,28480.919921875,7300.0,2,0.9855104751229632
2015-07-20,28420.119140625,28549.130859375,28319.830078125,28544.279296875,6600.0,2,0.9785647025833081
2015-07-21,28182.140625,28518.060546875,28138.30078125,28381.8203125,11700.0,1,0.6430736786179538
2015-07-22,28504.9296875,28546.419921875,28070.91015625,28159.419921875,9500.0,1,0.9999753879775635
2015-07-23,28370.83984375,28578.330078125,28315.369140625,28540.970703125,8900.0,2,0.9749815053684591
2015-07-24,28112.310546875,28402.640625,28083.759765625,28390.5,9300.0,2,0.7612479436596394
2015-07-27,27561.380859375,28117.650390625,27529.5703125,28117.650390625,9500.0,1,0.9999889093045548
2015-07-28,27459.23046875,27676.650390625,27416.390625,27630.2109375,11800.0,2,0.9727769874938972
2015-07-29,27563.4296875,27609.2890625,27470.08984375,27540.4609375,8600.0,2,0.9881156710784643
2015-07-30,27705.349609375,27854.4609375,27649.970703125,27685.8203125,9400.0,2,0.9598933277800229
2015-07-31,28114.560546875,28161.169921875,27814.509765625,27814.509765625,15000.0,1,0.9554114457898442
2015-08-03,28187.060546875,28263.349609375,28071.369140625,28089.08984375,10200.0,2,0.9736511274480024
2015-08-04,28071.9296875,28264.720703125,27866.119140625,28225.0390625,13600.0,1,0.7868501592031923
2015-08-05,28223.080078125,28315.7109375,28135.6796875,28138.0390625,9800.0,2,0.9598382056396199
2015-08-06,28298.130859375,28359.9609375,28163.689453125,28291.880859375,7500.0,2,0.9888604017628533
2015-08-07,28236.390625,28335.669921875,28193.9296875,28327.109375,10300.0,2,0.9780450483199091
2015-08-10,28101.720703125,28417.58984375,28017.849609375,28250.779296875,8700.0,1,0.6000639938280602
2015-08-11,27866.08984375,28205.119140625,27825.830078125,28193.259765625,14700.0,1,0.8105992201671075
2015-08-12,27512.259765625,27883.330078125,27479.4296875,27880.759765625,18200.0,1,0.963242762467169
2015-08-13,27549.529296875,27791.099609375,27496.2890625,27635.25,15900.0,2,0.9042811794084058
2015-08-14,28067.310546875,28100.640625,27643.19921875,27668.060546875,13200.0,1,0.9999869071589568
2015-08-17,27878.26953125,28095.970703125,27739.130859375,28093.5390625,12300.0,2,0.5241434459548164
2015-08-18,27831.5390625,28040.73046875,27747.400390625,27949.130859375,11800.0,2,0.9753015056196849
2015-08-19,27931.640625,28021.390625,27721.25,27851.810546875,10900.0,2,0.9585914813064276
2015-08-20,27607.8203125,27964.599609375,27564.16015625,27959.189453125,14400.0,1,0.9366418339898609
2015-08-21,27366.0703125,27442.8203125,27131.439453125,27440.099609375,14000.0,1,0.7814065419646291
2015-08-24,25741.560546875,26730.400390625,25624.720703125,26730.400390625,26000.0,1,0.9991695831817983
2015-08-25,26032.380859375,26124.830078125,25298.419921875,25916.259765625,21200.0,1,0.9995999613738165
2015-08-26,25714.66015625,26156.609375,25657.560546875,26063.26953125,13400.0,1,0.9995387526619541
2015-08-27,26231.189453125,26302.76953125,25943.75,26137.029296875,18600.0,2,0.5593434881114853
2015-08-28,26392.380859375,26687.330078125,26270.169921875,26542.83984375,12100.0,1,0.5477567344766865
2015-08-31,26283.08984375,26504.73046875,26215.16015625,26469.419921875,10000.0,2,0.9665563250524346
2015-09-01,25696.439453125,26141.0703125,25579.880859375,26127.0390625,14000.0,1,0.9999936185900633
2015-09-02,25453.560546875,25939.369140625,25395.08984375,25891.94921875,16200.0,1,0.999991302333899
2015-09-03,25764.779296875,25835.41015625,25555.76953125,25614.689453125,11300.0,2,0.943956438563016
2015-09-04,25201.900390625,25775.380859375,25119.060546875,25772.580078125,14100.0,1,0.9999909221414495
2015-09-07,24893.810546875,25387.3203125,24851.76953125,25302.98046875,12800.0,1,0.9999861782769051
2015-09-08,25317.869140625,25411.0,24833.5390625,24972.009765625,12600.0,1,0.9999913955738283
2015-09-09,25719.580078125,25820.560546875,25553.609375,25682.869140625,14400.0,2,0.9862835886863641
2015-09-10,25622.169921875,25733.69921875,25287.5,25522.9609375,14600.0,1,0.9761658961035906
2015-09-11,25610.2109375,25875.9609375,25530.41015625,25793.76953125,11800.0,2,0.8916562801046525
2015-09-14,25856.69921875,25891.73046875,25531.0703125,25706.869140625,8800.0,1,0.7856664178239736
2015-09-15,25705.9296875,25909.830078125,25649.369140625,25908.33984375,11200.0,2,0.9665333276889928
2015-09-16,25963.970703125,26006.75,25816.5,25884.05078125,9600.0,2,0.9912450520149312
2015-09-18,26218.91015625,26471.8203125,26130.359375,26130.359375,56600.0,1,0.5376189453645922
2015-09-21,26192.98046875,26233.4609375,25972.5390625,26107.98046875,8100.0,2,0.9681081763924335
2015-09-22,25651.83984375,26339.099609375,25571.33984375,26274.369140625,13600.0,1,0.9999796451076732
2015-09-23,25822.990234375,25934.01953125,25386.48046875,25526.529296875,11700.0,1,0.9999923294853911
2015-09-24,25863.5,25949.900390625,25670.9609375,25798.05078125,11800.0,2,0.9795345812509443
2015-09-28,25616.83984375,25936.890625,25593.560546875,25922.7109375,11700.0,2,0.5123297239863479
2015-09-29,25778.66015625,26054.369140625,25287.330078125,25496.380859375,20700.0,1,0.9999822761644896
2015-09-30,26154.830078125,26179.69921875,25918.2109375,25986.51953125,27500.0,2,0.9361641903540125
2015-10-01,26220.94921875,26431.80078125,26168.7109375,26344.189453125,11000.0,2,0.9823475628901344
2015-10-05,26785.55078125,26822.419921875,26375.310546875,26379.419921875,11400.0,1,0.9999850042321206
2015-10-06,26932.880859375,27010.26953125,26751.25,26976.66015625,13600.0,2,0.9306223943802658
2015-10-07,27035.849609375,27082.279296875,26877.509765625,26966.859375,17100.0,2,0.9836353903875258
2015-10-08,26845.810546875,27120.109375,26762.359375,27116.859375,14900.0,2,0.5250115080646399
2015-10-09,27079.509765625,27200.439453125,26910.58984375,26974.919921875,18800.0,2,0.9345601480966688
2015-10-12,26904.109375,27305.0390625,26855.75,27242.599609375,18400.0,1,0.9884923087982986
2015-10-13,26846.529296875,26918.51953125,26719.099609375,26874.2890625,10800.0,2,0.987735162669544
2015-10-14,26779.66015625,26869.080078125,26713.279296875,26760.3203125,10900.0,2,0.9878786593708383
2015-10-15,27010.140625,27037.94921875,26836.76953125,26842.189453125,12700.0,2,0.9576299293646338
2015-10-16,27214.599609375,27239.220703125,26917.119140625,27062.80078125,10200.0,2,0.5818200434254615
2015-10-19,27364.919921875,27387.91015625,27246.7890625,27305.619140625,8200.0,2,0.9867518494201093
2015-10-20,27306.830078125,27432.0703125,27216.400390625,27402.900390625,9200.0,2,0.9890814536293185
2015-10-21,27287.66015625,27445.240234375,27190.55078125,27312.349609375,9700.0,2,0.988386331253006
2015-10-23,27470.810546875,27555.060546875,27421.7109375,27466.640625,9900.0,2,0.9833196849830158
2015-10-26,27361.9609375,27618.140625,27318.19921875,27575.0390625,11300.0,2,0.9299531611594225
2015-10-27,27253.439453125,27296.30078125,27209.51953125,27291.060546875,10100.0,2,0.962558137569563
2015-10-28,27039.759765625,27163.98046875,26919.9609375,27131.7109375,10500.0,2,0.9832309485107075
2015-10-29,26838.140625,27099.109375,26794.099609375,27083.69921875,9900.0,2,0.8951749268809567
2015-10-30,26656.830078125,26942.2890625,26585.19921875,26878.48046875,14000.0,2,0.7748918818667908
2015-11-02,26559.150390625,26824.30078125,26378.259765625,26641.689453125,8800.0,1,0.7346997552905011
2015-11-03,26590.58984375,26732.240234375,26514.48046875,26660.7109375,8500.0,2,0.9937129696021125
2015-11-04,26552.919921875,26800.060546875,26510.310546875,26704.01953125,8000.0,2,0.9641128596897148
2015-11-05,26304.19921875,26557.80078125,26243.19921875,26557.80078125,12300.0,2,0.8353031551039258
2015-11-06,26265.240234375,26438.859375,26190.1796875,26284.009765625,15600.0,2,0.9755630562441009
2015-11-09,26121.400390625,26193.169921875,25656.900390625,25809.0,13300.0,1,0.9999936770370599
2015-11-10,25743.259765625,26094.08984375,25709.23046875,26094.08984375,12800.0,1,0.9007387710491701
2015-11-13,25610.529296875,25724.08984375,25540.73046875,25724.08984375,11500.0,2,0.9873990571025046
2015-11-16,25760.099609375,25866.419921875,25451.419921875,25580.150390625,11300.0,1,0.920874640881044
2015-11-17,25864.470703125,25948.19921875,25732.7890625,25897.880859375,10700.0,2,0.9901631142947567
2015-11-18,25482.51953125,25890.359375,25453.3203125,25837.7109375,16100.0,1,0.9907009736498369
2015-11-19,25841.919921875,25884.51953125,25603.099609375,25640.33984375,9900.0,2,0.8637536498629659
2015-11-20,25868.490234375,26058.759765625,25769.810546875,25856.130859375,10000.0,2,0.9422790923791562
2015-11-23,25819.33984375,25958.0390625,25747.009765625,25945.140625,10100.0,2,0.9892652723148462
2015-11-24,25775.740234375,25901.560546875,25703.859375,25785.609375,7500.0,2,0.9941815858980373
2015-11-26,25958.630859375,26016.0390625,25769.810546875,25769.810546875,8400.0,2,0.9212011168623063
2015-11-27,26128.19921875,26184.650390625,25937.3203125,26003.19921875,10400.0,2,0.9777548346563885
2015-11-30,26145.669921875,26231.060546875,26089.130859375,26142.529296875,8300.0,2,0.9919322702172905
2015-12-01,26169.41015625,26246.01953125,26121.51953125,26201.26953125,11000.0,2,0.9880847744799405
2015-12-02,26117.849609375,26256.419921875,26041.6796875,26239.390625,10100.0,2,0.9890751627012287
2015-12-03,25886.619140625,26123.859375,25857.349609375,26123.859375,9500.0,2,0.9494497506075465
2015-12-04,25638.109375,25810.060546875,25623.7109375,25810.060546875,10500.0,2,0.9839395923556262
2015-12-07,25530.109375,25785.529296875,25477.689453125,25746.029296875,8700.0,2,0.9413272119764623
2015-12-08,25310.330078125,25542.470703125,25256.7890625,25488.419921875,12600.0,2,0.9684961450321122
2015-12-09,25036.05078125,25316.94921875,25012.220703125,25299.33984375,11600.0,2,0.8590485877843714
2015-12-10,25252.3203125,25289.580078125,25034.140625,25136.7109375,10900.0,2,0.9709578867179491
2015-12-11,25044.4296875,25316.140625,24930.4296875,25281.76953125,14900.0,1,0.5394361792489553
2015-12-14,25150.349609375,25194.150390625,24867.73046875,24935.599609375,11600.0,2,0.5681280976265596
2015-12-15,25320.439453125,25342.779296875,25075.5390625,25186.6796875,9700.0,2,0.9390664865106563
2015-12-16,25494.369140625,25572.900390625,25372.470703125,25402.470703125,10800.0,2,0.9870165699506812
2015-12-17,25803.779296875,25831.310546875,25448.3203125,25596.630859375,22700.0,1,0.9357878240135327
2015-12-18,25519.220703125,25789.509765625,25481.509765625,25764.669921875,10400.0,2,0.896399572242816
2015-12-21,25735.900390625,25757.83984375,25413.5390625,25425.3203125,8100.0,1,0.9530905039369654
2015-12-22,25590.650390625,25787.2109375,25485.169921875,25731.0703125,8100.0,2,0.977314709758422
2015-12-23,25850.30078125,25875.26953125,25689.69921875,25697.66015625,6900.0,2,0.9836339297583253
2015-12-24,25838.7109375,25922.470703125,25763.400390625,25893.83984375,4900.0,2,0.9955186926205669
2015-12-28,26034.130859375,26073.41015625,25856.859375,25858.51953125,6900.0,2,0.9668574220451281
2015-12-29,26079.48046875,26133.779296875,25994.44921875,26075.6796875,6000.0,2,0.9944377398898114
2015-12-30,25960.029296875,26130.19921875,25939.25,26123.869140625,6500.0,2,0.9899507804233861
2015-12-31,26117.5390625,26147.630859375,25941.91015625,25980.859375,6200.0,2,0.9866485462202709
2016-01-04,25623.349609375,26116.51953125,25596.5703125,26116.51953125,9100.0,1,0.9999872685513147
2016-01-05,25580.33984375,25766.759765625,25513.75,25744.69921875,10300.0,2,0.9834082812054157
2016-01-06,25406.330078125,25632.5703125,25357.69921875,25628.23046875,13400.0,2,0.9464272701829419
2016-01-07,24851.830078125,25230.349609375,24825.69921875,25224.69921875,11800.0,1,0.9708320741074868
2016-01-08,24934.330078125,25083.55078125,24887.220703125,24969.01953125,15900.0,2,0.9865017976166148
2016-01-11,24825.0390625,24961.880859375,24598.900390625,24787.109375,10600.0,2,0.8658711022303729
2016-01-12,24682.029296875,24882.30078125,24597.109375,24862.9296875,10300.0,2,0.9689625475223722
2016-01-13,24854.109375,24956.5390625,24387.689453125,24804.640625,14000.0,1,0.9999881547286001
2016-01-14,24772.970703125,25018.4609375,24473.220703125,24606.19921875,14900.0,1,0.9999882655690859
2016-01-15,24455.0390625,24912.640625,24421.529296875,24881.759765625,12700.0,1,0.9998919823403715
2016-01-18,24188.369140625,24524.849609375,24141.990234375,24400.779296875,13600.0,1,0.6497087112973168
2016-01-19,24479.83984375,24563.33984375,24247.23046875,24257.279296875,9400.0,1,0.519616307249172
2016-01-20,24062.0390625,24325.76953125,23839.759765625,24325.76953125,12800.0,1,0.9998359898674004
2016-01-21,23962.2109375,24351.830078125,23862.0,24194.75,13200.0,1,0.9961620031338173
2016-01-22,24435.66015625,24472.880859375,24120.0390625,24122.060546875,10100.0,1,0.9737541473656598
2016-01-25,24485.94921875,24650.5703125,24433.669921875,24540.970703125,8900.0,2,0.9929722163956334
2016-01-27,24492.390625,24645.69921875,24458.130859375,24643.130859375,8500.0,2,0.9920160297057801
2016-01-28,24469.5703125,24587.19921875,24400.51953125,24481.859375,8400.0,2,0.9955993507102585
2016-01-29,24870.689453125,24911.900390625,24340.060546875,24347.310546875,12400.0,1,0.9999812245364965
2016-02-01,24824.830078125,25002.3203125,24788.580078125,24982.220703125,10100.0,2,0.9896729467455458
2016-02-02,24539.0,24928.75,24460.529296875,24868.2109375,12700.0,1,0.994614354556112
2016-02-03,24223.3203125,24409.259765625,24187.5390625,24393.58984375,12200.0,2,0.9865902812307201
2016-02-04,24338.4296875,24514.009765625,24224.740234375,24386.44921875,12200.0,2,0.986485453263982
2016-02-05,24616.970703125,24672.900390625,24345.7890625,24360.359375,13400.0,1,0.7350307270954006
2016-02-08,24287.419921875,24698.94921875,24196.83984375,24637.41015625,11700.0,1,0.9994677626392275
2016-02-09,24020.98046875,24111.189453125,23919.470703125,24076.849609375,11500.0,2,0.9936356476003286
2016-02-10,23758.900390625,23938.3203125,23636.720703125,23938.3203125,19400.0,2,0.8780689595385973
2016-02-11,22951.830078125,23758.4609375,22909.119140625,23758.4609375,23200.0,1,0.9999559861898403
2016-02-12,22986.119140625,23161.150390625,22600.390625,23060.390625,25100.0,1,0.9999923121479759
2016-02-15,23554.119140625,23622.640625,23197.669921875,23223.4296875,20400.0,1,0.9995074291635544
2016-02-16,23191.970703125,23692.080078125,23164.5390625,23688.609375,22200.0,1,0.9999940532124757
2016-02-17,23381.869140625,23434.91015625,22920.83984375,23237.23046875,16600.0,1,0.9999926094365754
2016-02-18,23649.220703125,23735.349609375,23448.2109375,23536.470703125,15700.0,2,0.963161295474151
2016-02-19,23709.150390625,23774.48046875,23508.359375,23640.3203125,11600.0,2,0.9821182273751278
2016-02-22,23788.7890625,23855.0390625,23674.859375,23783.470703125,9500.0,2,0.996000352238348
2016-02-23,23410.1796875,23851.509765625,23361.939453125,23850.41015625,16700.0,1,0.9999251700037575
2016-02-24,23088.9296875,23338.890625,23057.44921875,23332.939453125,14000.0,2,0.9291381556256465
2016-02-25,22976.0,23142.9609375,22948.099609375,23105.16015625,15900.0,2,0.9903568659056681
2016-02-26,23154.30078125,23227.91015625,23021.939453125,23141.080078125,11500.0,2,0.9952663883870371
2016-02-29,23002.0,23343.220703125,22494.609375,23238.5,58900.0,0,0.6520586447853699
2016-03-01,23779.349609375,23821.490234375,23133.1796875,23153.3203125,15700.0,1,0.9999517994972243
2016-03-02,24242.98046875,24280.419921875,24043.890625,24044.9609375,22800.0,2,0.9154195768840252
2016-03-03,24606.990234375,24640.509765625,24383.279296875,24386.669921875,19500.0,2,0.8394720736230837
2016-03-04,24646.48046875,24719.05078125,24531.80078125,24704.58984375,17500.0,2,0.982011694318727
2016-03-08,24659.23046875,24793.619140625,24509.2109375,24655.189453125,26000.0,2,0.9856844985208474
2016-03-09,24793.9609375,24820.759765625,24451.599609375,24527.26953125,11900.0,1,0.9483430457742738
2016-03-10,24623.33984375,24817.48046875,24471.390625,24815.69921875,14400.0,2,0.5737773027108013
2016-03-11,24717.990234375,24817.80078125,24552.259765625,24620.390625,14800.0,2,0.97535315105047
2016-03-14,24804.279296875,24960.509765625,24734.0390625,24801.69921875,30100.0,2,0.9766154980346351
2016-03-15,24551.169921875,24840.76953125,24517.279296875,24832.0390625,12100.0,2,0.7535783752294514
2016-03-16,24682.48046875,24706.849609375,24354.55078125,24537.609375,11000.0,1,0.8184385060863336
2016-03-17,24677.369140625,24948.30078125,24576.51953125,24852.1796875,14600.0,2,0.7969636370658489
2016-03-18,24952.740234375,24986.939453125,24681.640625,24729.41015625,14100.0,2,0.6634983130798566
2016-03-21,25285.369140625,25327.44921875,24988.26953125,25007.560546875,12400.0,1,0.870490360253242
2016-03-22,25330.490234375,25381.330078125,25083.69921875,25331.009765625,12000.0,2,0.6166890141570787
2016-03-23,25337.560546875,25367.810546875,25156.8203125,25322.099609375,9500.0,2,0.9723262385486148
2016-03-28,24966.400390625,25432.939453125,24895.490234375,25417.109375,10100.0,1,0.9999879637447737
2016-03-29,24900.4609375,25079.349609375,24835.560546875,24957.240234375,11000.0,2,0.9889952449206323
2016-03-30,25338.580078125,25358.83984375,25055.419921875,25062.060546875,10700.0,1,0.6560575881333848
2016-03-31,25341.859375,25479.619140625,25223.220703125,25364.75,11500.0,2,0.9921245521948522
2016-04-01,25269.640625,25354.939453125,25119.349609375,25301.69921875,11400.0,2,0.9866448871054526
2016-04-04,25399.650390625,25424.150390625,25223.490234375,25333.98046875,7800.0,2,0.9885505584906894
2016-04-05,24883.58984375,25372.439453125,24837.509765625,25372.439453125,14800.0,1,0.9999935236914009
2016-04-06,24900.630859375,25000.650390625,24834.16015625,24978.859375,10300.0,2,0.9933143122361514
2016-04-07,24685.419921875,25013.130859375,24647.48046875,24998.7890625,19200.0,1,0.7011322090617358
2016-04-08,24673.83984375,24736.029296875,24608.509765625,24665.80078125,9700.0,2,0.9935827363326826
2016-04-11,25022.16015625,25049.919921875,24523.19921875,24789.400390625,25900.0,1,0.9999922261854306
2016-04-12,25145.58984375,25180.01953125,24996.439453125,25056.470703125,11500.0,2,0.9905809789807779
2016-04-13,25626.75,25671.5,25358.419921875,25358.419921875,14600.0,1,0.7254957685999033
2016-04-18,25816.359375,25870.029296875,25634.119140625,25833.16015625,8500.0,2,0.963214377222526
2016-04-20,25844.1796875,25956.33984375,25716.810546875,25942.33984375,11300.0,2,0.9765446405217291
2016-04-21,25880.380859375,26080.0703125,25783.119140625,25979.6796875,18100.0,2,0.9771650110363251
2016-04-22,25838.140625,25922.01953125,25771.880859375,25892.490234375,13400.0,2,0.9890707126154218
2016-04-25,25678.9296875,25891.029296875,25585.9296875,25891.029296875,8200.0,2,0.9179151509962632
2016-04-26,26007.30078125,26055.0,25549.05078125,25604.919921875,11200.0,1,0.9999909700053472
2016-04-27,26064.119140625,26092.9296875,25885.240234375,25956.419921875,11200.0,2,0.9845058486258893
2016-04-28,25603.099609375,26100.5390625,25561.169921875,26078.279296875,14600.0,1,0.9999931171455493
2016-04-29,25606.619140625,25755.4296875,25424.029296875,25612.91015625,14600.0,2,0.9585834459336138
2016-05-02,25436.970703125,25565.439453125,25341.140625,25565.439453125,7700.0,2,0.9863877110009187
2016-05-03,25229.69921875,25705.9609375,25192.939453125,25500.140625,11000.0,1,0.9999706878693845
2016-05-04,25101.73046875,25245.69921875,25061.0390625,25210.869140625,15800.0,2,0.9890428133370092
2016-05-05,25262.2109375,25394.099609375,25162.939453125,25187.66015625,11300.0,2,0.9618031930983076
2016-05-06,25228.5,25260.48046875,25057.9296875,25223.669921875,11300.0,2,0.9716969093188031
2016-05-09,25688.859375,25709.6796875,25302.859375,25321.830078125,11700.0,1,0.9996215725843265
2016-05-10,25772.529296875,25809.9296875,25614.240234375,25682.98046875,10500.0,2,0.9897235384745336
2016-05-11,25597.01953125,25762.490234375,25409.240234375,25548.970703125,9300.0,2,0.8954297728442284
2016-05-12,25790.220703125,25827.029296875,25620.26953125,25684.599609375,9800.0,2,0.9881730334471482
2016-05-13,25489.5703125,25743.689453125,25400.26953125,25739.939453125,12500.0,2,0.7017093550240715
2016-05-16,25653.23046875,25688.4609375,25351.619140625,25528.80078125,12900.0,1,0.533277864361761
2016-05-17,25773.609375,25927.310546875,25733.759765625,25756.140625,11400.0,2,0.950168008164261
2016-05-18,25704.609375,25747.0,25503.400390625,25671.48046875,9800.0,2,0.9679146088764519
2016-05-19,25399.720703125,25714.560546875,25351.990234375,25713.83984375,14400.0,1,0.6700956822935682
2016-05-20,25301.900390625,25506.060546875,25251.900390625,25428.419921875,13600.0,2,0.984081072170157
2016-05-23,25230.359375,25519.259765625,25207.779296875,25447.720703125,11300.0,2,0.877243597939379
2016-05-24,25305.470703125,25340.470703125,25181.470703125,25256.970703125,10700.0,2,0.9920542747668187
2016-05-25,25881.169921875,25897.869140625,25430.58984375,25432.099609375,9500.0,1,0.9999876259413548
2016-05-26,26366.6796875,26398.939453125,25941.509765625,26008.25,13900.0,1,0.9999632720392402
2016-05-27,26653.599609375,26677.4296875,26405.279296875,26415.9296875,20800.0,2,0.7237138388688586
2016-05-30,26725.599609375,26794.9609375,26623.330078125,26694.75,14800.0,2,0.9889182012024434
2016-05-31,26667.9609375,26837.19921875,26561.580078125,26817.75,26500.0,2,0.9609862644466933
2016-06-01,26713.9296875,26857.25,26671.859375,26684.4609375,13400.0,2,0.9300014974025117
2016-06-02,26843.140625,26885.16015625,26641.01953125,26694.279296875,11100.0,2,0.9647598178703917
2016-06-03,26843.029296875,27008.140625,26792.0703125,26919.23046875,13000.0,2,0.9875675134637624
2016-06-06,26777.44921875,26901.419921875,26729.5390625,26897.83984375,8700.0,2,0.9882981548148395
2016-06-07,27009.669921875,27082.630859375,26829.529296875,26833.5390625,14800.0,2,0.88156147263026
2016-06-08,27020.66015625,27105.41015625,26973.7109375,27085.240234375,12500.0,2,0.981818731669101
2016-06-09,26763.4609375,26994.91015625,26692.349609375,26994.48046875,10100.0,2,0.901907285641295
2016-06-10,26635.75,26972.060546875,26620.5,26742.259765625,10100.0,1,0.9640975879542012
2016-06-13,26396.76953125,26468.26953125,26262.26953125,26468.26953125,9100.0,2,0.9704650870373959
2016-06-14,26395.7109375,26485.44921875,26264.810546875,26482.5,7800.0,2,0.9759631752096942
2016-06-15,26726.33984375,26752.58984375,26446.58984375,26500.7890625,12300.0,2,0.6203041199132174
2016-06-16,26525.4609375,26686.029296875,26314.91015625,26686.029296875,12600.0,1,0.8874541174925071
2016-06-17,26625.91015625,26730.55078125,26538.509765625,26653.849609375,9300.0,2,0.9939436207311508
2016-06-20,26866.919921875,26885.490234375,26447.880859375,26497.109375,9500.0,1,0.9999320467645003
2016-06-21,26812.779296875,26925.640625,26754.599609375,26907.419921875,7000.0,2,0.9920964890834786
2016-06-22,26765.650390625,26887.2890625,26617.44921875,26791.6796875,7700.0,2,0.9897120912021287
2016-06-23,27002.220703125,27060.98046875,26736.51953125,26753.19921875,9300.0,1,0.6766838179868134
2016-06-24,26397.7109375,26435.849609375,25911.330078125,26367.48046875,24400.0,1,0.9999739450935097
2016-06-27,26402.9609375,26493.509765625,26262.720703125,26347.810546875,18300.0,2,0.9869317061431738
2016-06-28,26524.55078125,26583.330078125,26378.4609375,26410.66015625,8100.0,2,0.986251277536907
2016-06-29,26740.390625,26776.169921875,26606.310546875,26627.150390625,7700.0,2,0.9871026897617333
2016-06-30,26999.720703125,27069.23046875,26872.58984375,26926.169921875,8600.0,2,0.9903000410885933
2016-07-01,27144.91015625,27243.359375,27061.400390625,27064.330078125,10000.0,2,0.9664976231952606
2016-07-04,27278.759765625,27385.66015625,27251.060546875,27314.439453125,8300.0,2,0.9854660744339941
2016-07-05,27166.869140625,27348.66015625,27127.30078125,27340.720703125,10400.0,2,0.979518496176814
2016-07-07,27201.490234375,27288.220703125,27146.94921875,27209.970703125,8800.0,2,0.9890947001241392
2016-07-08,27126.900390625,27294.8203125,27034.140625,27292.19921875,13900.0,2,0.9583119888112167
2016-07-11,27626.689453125,27647.48046875,27358.23046875,27358.23046875,23900.0,1,0.5289039515423265
2016-07-12,27808.140625,27828.740234375,27667.810546875,27667.810546875,12200.0,2,0.9641299613836782
2016-07-13,27815.1796875,27928.759765625,27752.140625,27912.140625,17600.0,2,0.9776976440980081
2016-07-14,27942.109375,27967.76953125,27763.150390625,27857.80078125,10500.0,2,0.978145442017639
2016-07-15,27836.5,28048.69921875,27735.869140625,27966.140625,16300.0,2,0.9622986125232168
2016-07-18,27746.66015625,28013.5,27697.689453125,27920.66015625,20500.0,2,0.904588388729665
2016-07-19,27787.619140625,27826.689453125,27637.98046875,27790.05078125,16800.0,2,0.9617930717721369
2016-07-20,27915.890625,27935.1796875,27759.7109375,27775.69921875,12500.0,2,0.9673260108585253
2016-07-21,27710.51953125,27988.759765625,27687.5390625,27980.0703125,12200.0,2,0.817950474970389
2016-07-22,27803.240234375,27832.44921875,27646.2109375,27721.720703125,9500.0,2,0.9845767113497245
2016-07-25,28095.33984375,28110.369140625,27736.509765625,27753.9609375,15300.0,1,0.9946389083869674
2016-07-26,27976.51953125,28149.529296875,27927.130859375,28121.369140625,11100.0,2,0.9824703660593778
2016-07-27,28024.330078125,28210.880859375,27899.9296875,27976.140625,10400.0,2,0.8478851383927293
2016-07-28,28208.619140625,28240.19921875,28064.900390625,28108.779296875,14600.0,2,0.9757208161991129
2016-07-29,28051.859375,28233.470703125,28037.869140625,28232.869140625,11500.0,2,0.9678715686288256
2016-08-01,28003.119140625,28284.849609375,27873.529296875,28083.080078125,13700.0,1,0.5717156736916865
2016-08-02,27981.7109375,28175.220703125,27943.91015625,28069.119140625,10100.0,2,0.9780244415770306
2016-08-03,27697.509765625,28015.4296875,27647.140625,28008.51953125,11800.0,1,0.6729979841600772
2016-08-04,27714.369140625,27921.91015625,27627.970703125,27899.880859375,14600.0,2,0.9419614966370858
2016-08-05,28078.349609375,28110.369140625,27795.740234375,27810.55078125,13700.0,1,0.7175255131217976
2016-08-08,28182.5703125,28226.380859375,28128.060546875,28181.919921875,20300.0,2,0.9324459428110493
2016-08-09,28085.16015625,28289.9609375,27956.76953125,28289.220703125,14200.0,2,0.7171217764148684
2016-08-10,27774.880859375,28143.279296875,27736.619140625,28133.359375,15400.0,1,0.9563858250643987
2016-08-11,27859.599609375,27902.390625,27697.330078125,27805.939453125,9900.0,2,0.9848328213694115
2016-08-12,28152.400390625,28203.26953125,27900.91015625,27919.94921875,21000.0,2,0.5835154702264955
2016-08-16,28064.609375,28199.099609375,27942.650390625,28190.0390625,14600.0,2,0.951962499168409
2016-08-17,28005.369140625,28174.30078125,27960.140625,28061.7890625,11600.0,2,0.9801837867223434
2016-08-18,28123.439453125,28214.169921875,28077.0,28077.640625,12500.0,2,0.9452815086699952
2016-08-19,28077.0,28212.30078125,28026.119140625,28167.66015625,15600.0,2,0.9829920707436145
2016-08-22,27985.5390625,28143.279296875,27918.05078125,28088.0703125,12600.0,2,0.9868177532901451
2016-08-23,27990.2109375,28028.98046875,27854.4296875,28012.560546875,12400.0,2,0.959626313696622
2016-08-24,28059.939453125,28108.390625,27959.869140625,28065.25,8100.0,2,0.9861128892982991
2016-08-25,27835.91015625,28154.2109375,27803.240234375,28103.599609375,6700.0,2,0.6547636673557272
2016-08-26,27782.25,27935.880859375,27696.990234375,27882.75,9100.0,2,0.989358232294469
2016-08-29,27902.66015625,27952.849609375,27698.7109375,27827.259765625,11800.0,2,0.9692672507980378
2016-08-30,28343.009765625,28478.01953125,28010.66015625,28012.4609375,10600.0,1,0.9999817487642233
2016-08-31,28452.169921875,28532.25,28363.099609375,28372.25,10400.0,2,0.9679849041821269
2016-09-01,28423.48046875,28548.849609375,28386.609375,28459.08984375,16800.0,2,0.9703409605595062
2016-09-02,28532.109375,28581.580078125,28427.630859375,28498.720703125,12000.0,2,0.9821972338760441
2016-09-06,28978.01953125,29013.400390625,28631.26953125,28631.26953125,18200.0,1,0.9967971426986022
2016-09-07,28926.359375,29067.83984375,28911.310546875,29035.669921875,19800.0,2,0.9538787513464384
2016-09-08,29045.279296875,29077.279296875,28854.560546875,28929.4609375,15000.0,2,0.9635807985146478
2016-09-09,28797.25,29062.900390625,28755.080078125,29062.900390625,11700.0,2,0.8015073250334417
2016-09-12,28353.5390625,28481.109375,28251.310546875,28481.08984375,13700.0,2,0.9615787572959817
2016-09-14,28372.23046875,28416.41015625,28259.380859375,28345.490234375,11500.0,2,0.9828026578695733
2016-09-15,28412.890625,28454.01953125,28311.109375,28398.330078125,9600.0,2,0.9821743468981348
2016-09-16,28599.029296875,28778.640625,28494.58984375,28520.30078125,13400.0,2,0.6267216431230331
2016-09-19,28634.5,28714.76953125,28552.55078125,28626.599609375,12600.0,2,0.983798590184262
2016-09-20,28523.19921875,28698.810546875,28480.529296875,28690.66015625,8000.0,2,0.9790134199497149
2016-09-21,28507.419921875,28689.359375,28462.330078125,28554.380859375,12300.0,2,0.9652771854824532
2016-09-22,28773.130859375,28871.919921875,28693.0703125,28766.939453125,10700.0,2,0.9859934384618562
2016-09-23,28668.220703125,28825.08984375,28627.380859375,28810.3203125,13300.0,2,0.9749639080504463
2016-09-26,28294.279296875,28630.919921875,28272.029296875,28630.919921875,16600.0,1,0.7726150330569181
2016-09-27,28223.69921875,28432.740234375,28179.33984375,28373.01953125,8800.0,2,0.9795515187603415
2016-09-28,28292.810546875,28378.560546875,28198.30078125,28198.880859375,10800.0,2,0.9573236320722327
2016-09-29,27827.529296875,28475.5703125,27719.919921875,28423.140625,13600.0,1,0.9999855165496404
2016-09-30,27865.9609375,27955.2109375,27716.779296875,27807.8203125,10500.0,2,0.9870287069831051
2016-10-03,28243.2890625,28273.01953125,27919.890625,27997.2890625,10900.0,1,0.8419461311898968
2016-10-04,28334.55078125,28404.69921875,28242.25,28377.640625,18300.0,2,0.9723128871503177
2016-10-05,28220.98046875,28477.650390625,28188.900390625,28425.740234375,11300.0,2,0.9319757143364348
2016-10-06,28106.2109375,28328.560546875,28031.220703125,28298.349609375,9100.0,2,0.951483334528404
2016-10-07,28061.140625,28155.6796875,27964.91015625,28129.220703125,12700.0,2,0.9830164557895282
2016-10-10,28082.33984375,28216.640625,28068.3203125,28144.279296875,6900.0,2,0.9819014214431057
2016-10-13,27643.109375,28042.619140625,27563.83984375,28042.619140625,11900.0,1,0.9993103859100774
2016-10-14,27673.599609375,27763.5390625,27548.1796875,27712.220703125,14000.0,2,0.984944391404598
2016-10-17,27529.970703125,27803.2109375,27488.30078125,27776.140625,17100.0,2,0.8378667598668241
2016-10-18,28050.880859375,28064.390625,27652.759765625,27656.890625,16200.0,1,0.9998636487547692
2016-10-19,27984.369140625,28131.0703125,27926.169921875,28112.359375,15200.0,2,0.9793607635512446
2016-10-20,28129.83984375,28212.5,28031.5703125,28031.5703125,11300.0,2,0.958074262058903
2016-10-21,28077.1796875,28163.41015625,27957.919921875,28163.41015625,8500.0,2,0.9703929854765265
2016-10-24,28179.080078125,28256.650390625,28075.94921875,28156.58984375,15100.0,2,0.9857576723206407
2016-10-25,28091.419921875,28211.41015625,28013.689453125,28159.08984375,11000.0,2,0.989336076373453
2016-10-26,27836.509765625,28050.55078125,27759.560546875,28050.55078125,14100.0,2,0.9081762654120838
2016-10-27,27915.900390625,27958.130859375,27665.599609375,27808.630859375,13600.0,2,0.8886595277710062
2016-10-28,27941.509765625,28000.140625,27789.83984375,27983.140625,11300.0,2,0.9556664497035712
2016-11-01,27876.609375,28029.80078125,27845.630859375,27966.1796875,10100.0,2,0.9857103265680051
2016-11-02,27527.220703125,27679.3203125,27500.810546875,27679.3203125,13000.0,2,0.9750673608312944
2016-11-03,27430.279296875,27600.740234375,27399.259765625,27518.060546875,10800.0,2,0.984401050656781
2016-11-04,27274.150390625,27498.91015625,27193.609375,27465.55078125,24300.0,2,0.9370980887515005
2016-11-07,27458.990234375,27591.150390625,27274.150390625,27552.26953125,11300.0,2,0.8583262096150165
2016-11-08,27591.140625,27646.83984375,27406.759765625,27537.259765625,10200.0,2,0.9812053521727765
2016-11-09,27252.529296875,27397.380859375,25902.44921875,26251.380859375,21100.0,0,0.9966298099990843
2016-11-10,27517.6796875,27743.4609375,27252.529296875,27605.05078125,16600.0,1,0.9844896743202928
2016-11-11,26818.8203125,27344.849609375,26777.1796875,27344.849609375,17100.0,1,0.9999949679720969
2016-11-15,26304.630859375,26809.609375,26253.630859375,26809.609375,16400.0,1,0.9999949461384242
2016-11-16,26298.689453125,26621.400390625,26239.2109375,26508.939453125,14200.0,1,0.501760225167404
2016-11-17,26227.619140625,26449.869140625,26155.400390625,26304.900390625,11000.0,2,0.9632977264006398
2016-11-18,26150.240234375,26349.01953125,26106.779296875,26270.19921875,9600.0,2,0.987207937424969
2016-11-21,25765.140625,26270.279296875,25717.9296875,26246.69921875,9900.0,1,0.9999905781654234
2016-11-22,25960.779296875,26039.69921875,25765.509765625,25928.16015625,8100.0,2,0.9808829654733272
2016-11-23,26051.810546875,26130.490234375,25877.16015625,26101.330078125,8900.0,2,0.9566148087440592
2016-11-24,25860.169921875,26049.140625,25810.970703125,26049.140625,8600.0,2,0.9807315599168936
2016-11-25,26316.33984375,26343.94921875,25874.44921875,25953.240234375,11500.0,1,0.9999837991844958
2016-11-28,26350.169921875,26413.990234375,26183.220703125,26303.51953125,10900.0,2,0.9886799122298319
2016-11-29,26394.009765625,26587.0703125,26354.66015625,26408.619140625,9600.0,2,0.9296052249913741
2016-11-30,26652.810546875,26680.55078125,26395.5,26441.01953125,7800.0,2,0.8219328891257314
2016-12-01,26559.919921875,26769.3203125,26540.8203125,26756.66015625,11300.0,2,0.9725796300480886
2016-12-02,26230.66015625,26463.060546875,26182.9296875,26437.369140625,9600.0,2,0.9625450300289632
2016-12-05,26349.099609375,26390.80078125,26125.349609375,26253.48046875,12800.0,2,0.9574517287862481
2016-12-06,26392.759765625,26502.4296875,26356.01953125,26403.619140625,7600.0,2,0.9891188853186245
2016-12-07,26236.869140625,26540.830078125,26164.8203125,26456.2109375,10500.0,2,0.6634078174406607
2016-12-08,26694.279296875,26733.869140625,26357.349609375,26366.51953125,8200.0,1,0.9935121054233084
2016-12-09,26747.1796875,26803.759765625,26707.810546875,26787.140625,9800.0,2,0.9770746731833926
2016-12-12,26515.240234375,26725.310546875,26468.58984375,26725.310546875,8500.0,2,0.9681834756193982
2016-12-13,26697.8203125,26724.970703125,26494.23046875,26607.650390625,7000.0,2,0.9791976903252497
2016-12-14,26602.83984375,26736.33984375,26547.05078125,26707.91015625,9900.0,2,0.990906135121431
2016-12-15,26519.0703125,26737.859375,26407.580078125,26497.7109375,12700.0,2,0.7129292379890115
2016-12-16,26489.560546875,26594.55078125,26455.2109375,26548.669921875,7600.0,2,0.9915296736452465
2016-12-19,26374.69921875,26505.66015625,26340.380859375,26505.66015625,7400.0,2,0.9897384771209892
2016-12-20,26307.98046875,26435.560546875,26241.4296875,26374.58984375,7300.0,2,0.9948494456101541
2016-12-21,26242.380859375,26396.0,26213.509765625,26368.880859375,6100.0,2,0.9928914758811334
2016-12-22,25979.599609375,26248.44921875,25940.140625,26224.0703125,7600.0,2,0.9113433546949176
2016-12-23,26040.69921875,26143.189453125,25872.380859375,25959.990234375,7500.0,2,0.9840311220540525
2016-12-26,25807.099609375,26008.5703125,25753.740234375,25992.41015625,5400.0,2,0.9856510768636159
2016-12-27,26213.439453125,26249.029296875,25803.189453125,25815.4296875,8700.0,1,0.9999781679634846
2016-12-28,26210.6796875,26415.05078125,26191.720703125,26243.189453125,8500.0,2,0.9067727240677378
2016-12-29,26366.150390625,26429.630859375,26166.669921875,26429.41015625,6700.0,2,0.7825489289459069
2016-12-30,26626.4609375,26678.599609375,26406.529296875,26441.509765625,8600.0,2,0.9114238323998851
2017-01-02,26595.44921875,26720.98046875,26447.060546875,26711.150390625,8000.0,2,0.9455414115437638
2017-01-03,26643.240234375,26724.400390625,26488.369140625,26616.919921875,9800.0,2,0.9906864422144702
2017-01-04,26633.130859375,26723.369140625,26606.060546875,26677.220703125,8100.0,2,0.9872338900412151
2017-01-05,26878.240234375,26917.2109375,26738.419921875,26738.419921875,9800.0,2,0.9748474694188021
2017-01-06,26759.23046875,27009.609375,26733.330078125,26929.689453125,7800.0,2,0.9624298363315089
2017-01-09,26726.55078125,26860.880859375,26701.1796875,26860.810546875,6400.0,2,0.9892932833422566
2017-01-10,26899.560546875,26914.94921875,26804.169921875,26811.630859375,8600.0,2,0.979588084916737
2017-01-11,27140.41015625,27174.869140625,26978.439453125,26978.439453125,12000.0,2,0.9592382556707694
2017-01-12,27247.16015625,27278.9296875,27166.689453125,27171.66015625,11700.0,2,0.970398786366166
2017-01-13,27238.060546875,27459.75,27143.0703125,27378.009765625,10200.0,2,0.9641356677666336
2017-01-16,27288.169921875,27335.080078125,27172.6796875,27238.349609375,12600.0,2,0.9868866780979166
2017-01-17,27235.66015625,27381.4296875,27179.189453125,27331.8203125,8100.0,2,0.9920436319702862
2017-01-18,27257.640625,27422.669921875,27217.650390625,27261.759765625,9500.0,2,0.9565419706937884
2017-01-19,27308.599609375,27348.189453125,27219.890625,27253.33984375,10800.0,2,0.9824811912054476
2017-01-20,27034.5,27264.41015625,27009.810546875,27232.689453125,8800.0,2,0.9701543536937595
2017-01-23,27117.33984375,27167.7890625,26963.580078125,26990.9296875,6600.0,2,0.9841887699510485
2017-01-24,27375.580078125,27393.349609375,27140.849609375,27170.880859375,6800.0,2,0.9066391674583832
2017-01-25,27708.140625,27736.830078125,27439.6796875,27462.830078125,12200.0,2,0.5474026712951551
2017-01-27,27882.4609375,27980.390625,27759.48046875,27761.029296875,14300.0,2,0.9229133448445613
2017-01-30,27849.560546875,27947.369140625,27813.3203125,27866.80078125,8600.0,2,0.9825599489735918
2017-01-31,27655.9609375,27867.919921875,27624.5390625,27867.919921875,10700.0,2,0.9590596521935529
2017-02-01,28141.640625,28159.5390625,27590.099609375,27669.080078125,18200.0,1,0.999992772818816
2017-02-02,28226.609375,28299.919921875,28070.810546875,28167.830078125,17200.0,2,0.9829428924395354
2017-02-03,28240.51953125,28280.580078125,28127.1796875,28270.669921875,10800.0,2,0.9651472287337156
2017-02-06,28439.279296875,28487.279296875,28340.390625,28340.390625,10000.0,2,0.9676873282081427
2017-02-07,28335.16015625,28483.41015625,28239.119140625,28443.23046875,10800.0,2,0.9838565495615713
2017-02-08,28289.919921875,28391.640625,28149.080078125,28386.080078125,10900.0,2,0.9450641511739389
2017-02-09,28329.69921875,28469.48046875,28152.1796875,28349.220703125,10200.0,2,0.9665346217117561
2017-02-10,28334.25,28456.1796875,28286.80078125,28367.169921875,13700.0,2,0.9803999672114562
2017-02-13,28351.619140625,28458.80078125,28197.380859375,28450.419921875,9400.0,2,0.9257837906988303
2017-02-14,28339.310546875,28393.419921875,28263.44921875,28386.119140625,11700.0,2,0.9667805302043296
2017-02-15,28155.560546875,28382.3203125,28102.23046875,28270.109375,17800.0,2,0.956485460295212
2017-02-16,28301.26953125,28327.83984375,28146.189453125,28223.849609375,9700.0,2,0.9818955985516105
2017-02-17,28468.75,28726.259765625,28410.91015625,28670.4296875,15000.0,2,0.9087949334629094
2017-02-20,28661.580078125,28696.529296875,28419.26953125,28481.91015625,8900.0,2,0.8846898630129938
2017-02-21,28761.58984375,28801.0,28597.330078125,28716.69921875,8400.0,2,0.9808126217904284
2017-02-22,28864.7109375,28963.51953125,28789.30078125,28822.400390625,16300.0,2,0.9647783869111001
2017-02-23,28892.970703125,29065.310546875,28860.4609375,28927.669921875,18400.0,2,0.9347885383757996
2017-02-27,28812.880859375,28961.830078125,28791.189453125,28910.5,12000.0,2,0.9754740981728067
2017-02-28,28743.3203125,28876.5390625,28721.119140625,28825.189453125,10700.0,2,0.9768037488268374
2017-03-01,28984.490234375,29029.169921875,28824.169921875,28849.0390625,14600.0,2,0.9584514105565503
2017-03-02,28839.7890625,29145.619140625,28784.310546875,29117.380859375,10800.0,2,0.5445764432478317
2017-03-03,28832.44921875,28860.130859375,28716.2109375,28827.5,9300.0,2,0.9700728911673085
2017-03-06,29048.189453125,29070.19921875,28856.119140625,28859.2109375,12100.0,2,0.9109022630656614
2017-03-07,28999.560546875,29098.169921875,28957.6796875,29092.16015625,9700.0,2,0.9725444220232004
2017-03-08,28901.939453125,29022.3203125,28815.48046875,29021.060546875,16300.0,2,0.963446909922437
2017-03-09,28929.130859375,28986.720703125,28815.01953125,28909.69921875,401500.0,0,1.0
2017-03-10,28946.23046875,29076.630859375,28851.0390625,29006.0,15900.0,2,0.9853644247461116
2017-03-14,29442.630859375,29561.9296875,29356.05078125,29437.23046875,29200.0,2,0.9807734912295222
2017-03-15,29398.109375,29500.080078125,29358.91015625,29452.859375,392500.0,0,1.0
2017-03-16,29585.849609375,29614.7890625,29482.830078125,29482.830078125,18400.0,2,0.9234039476163177
2017-03-17,29648.990234375,29824.619140625,29601.859375,29755.740234375,14500.0,2,0.97575286721053
2017-03-20,29518.740234375,29699.48046875,29482.400390625,29653.5390625,400800.0,0,1.0
2017-03-21,29485.44921875,29585.05078125,29380.140625,29525.880859375,11500.0,2,0.9849071410210197
2017-03-22,29167.6796875,29341.41015625,29137.48046875,29341.41015625,14700.0,2,0.9571099268314497
2017-03-23,29332.16015625,29373.7890625,29198.080078125,29201.009765625,26000.0,2,0.9410042885103919
2017-03-24,29421.400390625,29539.849609375,29350.169921875,29350.599609375,21000.0,2,0.8732688975165676
2017-03-27,29237.150390625,29420.69921875,29163.5390625,29395.6796875,15100.0,2,0.964858446395872
2017-03-28,29409.51953125,29442.1796875,29301.220703125,29301.220703125,33500.0,2,0.9414698217746803
2017-03-29,29531.4296875,29554.390625,29439.419921875,29463.009765625,41600.0,2,0.9557376496113745
2017-03-30,29647.419921875,29684.5390625,29521.650390625,29538.029296875,15700.0,2,0.9529906877648783
2017-03-31,29620.5,29687.640625,29552.609375,29633.91015625,11800.0,2,0.9705051309888607
2017-04-03,29910.220703125,29926.939453125,29705.720703125,29737.73046875,10100.0,2,0.9263025666511197
2017-04-05,29974.240234375,30007.48046875,29817.689453125,29996.029296875,11200.0,2,0.9003832575787811
2017-04-06,29927.33984375,29954.25,29817.58984375,29946.890625,11300.0,2,0.9256140536067673
2017-04-07,29706.609375,29886.119140625,29668.44921875,29850.7109375,14700.0,2,0.968749181889105
2017-04-10,29575.740234375,29831.3203125,29553.0390625,29752.619140625,10700.0,2,0.9232440152765496
2017-04-11,29788.349609375,29804.509765625,29570.580078125,29630.060546875,10800.0,2,0.9285652047593549
2017-04-12,29643.48046875,29838.8203125,29549.740234375,29838.8203125,8500.0,2,0.9145847378273365
2017-04-13,29461.44921875,29660.48046875,29442.259765625,29637.119140625,10700.0,2,0.9634402070748127
2017-04-17,29413.66015625,29494.080078125,29363.279296875,29470.26953125,6700.0,2,0.9783708274360833
2017-04-18,29319.099609375,29701.189453125,29286.380859375,29487.779296875,12100.0,1,0.9897008479187389
2017-04-19,29336.5703125,29388.25,29241.48046875,29369.900390625,11600.0,2,0.9641543915610112
2017-04-20,29422.390625,29453.060546875,29341.6796875,29358.58984375,14600.0,2,0.9354481957428703
2017-04-21,29365.30078125,29584.33984375,29259.419921875,29575.66015625,11300.0,2,0.8224469496311636
2017-04-24,29655.83984375,29681.330078125,29392.990234375,29407.6796875,8900.0,2,0.5336145273497459
2017-04-25,29943.240234375,29961.8203125,29780.83984375,29825.140625,8600.0,2,0.9667249860500611
2017-04-26,30133.349609375,30167.08984375,29968.5703125,30030.19921875,10900.0,2,0.968481724242579
2017-04-27,30029.740234375,30184.220703125,29973.400390625,30141.390625,10700.0,2,0.9796918704064537
2017-04-28,29918.400390625,30067.640625,29848.2109375,30064.599609375,11300.0,2,0.964945639741766
2017-05-02,29921.1796875,30069.240234375,29804.119140625,30021.490234375,11700.0,2,0.9733013696139858
2017-05-03,29894.80078125,30020.58984375,29846.5703125,29984.94921875,11300.0,2,0.9766288457383648
2017-05-04,30126.2109375,30169.94921875,30007.400390625,30069.720703125,22300.0,2,0.9619579381056359
2017-05-05,29858.80078125,30176.55078125,29823.599609375,30142.140625,15900.0,2,0.5042345072888321
2017-05-08,29926.150390625,30016.0390625,29877.41015625,29915.119140625,10000.0,2,0.9610986375096117
2017-05-09,29933.25,30017.8203125,29911.439453125,29977.5,8400.0,2,0.9489263351187063
2017-05-10,30248.169921875,30271.599609375,29987.439453125,29988.779296875,11000.0,1,0.5641873882167207
2017-05-11,30250.98046875,30366.4296875,30207.109375,30309.7109375,10700.0,2,0.9731081171666838
2017-05-12,30188.150390625,30299.740234375,30111.44921875,30285.609375,11100.0,2,0.971286410983489
2017-05-15,30322.119140625,30357.9609375,30273.619140625,30287.369140625,8000.0,2,0.9091066121222833
2017-05-16,30582.599609375,30591.55078125,30363.369140625,30391.48046875,13600.0,2,0.8677203132909769
2017-05-17,30658.76953125,30692.44921875,30519.140625,30616.529296875,14900.0,2,0.9582162840203483
2017-05-18,30434.7890625,30575.830078125,30393.720703125,30466.8203125,16200.0,2,0.9523940904574526
2017-05-19,30464.919921875,30712.349609375,30338.51953125,30539.650390625,13800.0,2,0.8125266678502094
2017-05-22,30570.970703125,30712.150390625,30516.869140625,30638.880859375,11400.0,2,0.9772450877729877
2017-05-23,30365.25,30610.640625,30316.919921875,30553.890625,18700.0,2,0.922148861995869
2017-05-24,30301.640625,30534.150390625,30247.599609375,30446.76953125,11300.0,2,0.9511377737840613
2017-05-25,30750.029296875,30793.4296875,30352.259765625,30374.810546875,10000.0,1,0.9999409441044439
2017-05-26,31028.2109375,31074.0703125,30745.5703125,30765.76953125,14600.0,1,0.8037338548260881
2017-05-29,31109.279296875,31214.390625,30869.900390625,30944.380859375,14900.0,2,0.607024010899855
2017-05-30,31159.400390625,31220.380859375,31064.0390625,31111.73046875,9600.0,2,0.9650289615892274
2017-05-31,31145.80078125,31255.279296875,31107.48046875,31222.509765625,13000.0,2,0.9485057262768616
2017-06-01,31137.58984375,31213.119140625,31062.01953125,31117.08984375,8300.0,2,0.9681141330133597
2017-06-02,31273.2890625,31332.560546875,31190.400390625,31205.369140625,8500.0,2,0.9430439791455069
2017-06-05,31309.490234375,31355.419921875,31198.220703125,31274.740234375,9000.0,2,0.9667026362101344
2017-06-06,31190.560546875,31430.3203125,31172.55078125,31420.849609375,13600.0,2,0.8781781431971158
2017-06-07,31271.279296875,31346.990234375,31172.98046875,31252.7109375,9500.0,2,0.9750350997683563
2017-06-08,31213.359375,31354.509765625,31193.76953125,31316.91015625,14000.0,2,0.9401714851013473
2017-06-09,31262.060546875,31289.990234375,31087.279296875,31196.859375,9800.0,2,0.9535906885657551
2017-06-12,31095.69921875,31225.4296875,31044.279296875,31225.4296875,6800.0,2,0.9655062309436195
2017-06-13,31103.490234375,31260.76953125,31062.33984375,31091.099609375,13300.0,2,0.8410376713575456
2017-06-14,31155.91015625,31190.359375,31054.939453125,31147.689453125,12700.0,2,0.9344665272713689
2017-06-15,31075.73046875,31229.439453125,31026.48046875,31222.890625,12700.0,2,0.9536476241104075
2017-06-16,31056.400390625,31182.73046875,31017.1796875,31160.470703125,13300.0,2,0.9540786235642996
2017-06-19,31311.5703125,31362.150390625,31163.349609375,31168.98046875,7500.0,2,0.9297914722778294
2017-06-20,31297.529296875,31392.529296875,31261.490234375,31392.529296875,8100.0,2,0.9377264120553144
2017-06-21,31283.640625,31336.439453125,31193.609375,31302.1796875,35700.0,2,0.9471563560828503
2017-06-22,31290.740234375,31522.869140625,31255.630859375,31351.529296875,10200.0,2,0.7882000982526394
2017-06-23,31138.2109375,31365.390625,31110.390625,31352.5703125,89700.0,0,0.9999961349879242
2017-06-27,30958.25,31294.9609375,30847.080078125,31194.6796875,15300.0,1,0.8734650178412303
2017-06-28,30834.3203125,31000.48046875,30798.69921875,30988.869140625,9900.0,2,0.9614031153810774
2017-06-29,30857.51953125,31097.919921875,30794.609375,30910.970703125,12300.0,2,0.787936248193502
2017-06-30,30921.609375,30965.44921875,30680.66015625,30824.970703125,9200.0,2,0.8867647874262441
2017-07-03,31221.619140625,31258.330078125,31017.109375,31156.0390625,8100.0,2,0.94013251696377
2017-07-04,31209.7890625,31353.4609375,31166.369140625,31331.2109375,8700.0,2,0.9682581121078994
2017-07-05,31245.560546875,31284.640625,31177.779296875,31272.720703125,6500.0,2,0.9248759407455022
2017-07-06,31369.33984375,31460.69921875,31264.859375,31298.419921875,10100.0,2,0.9540451641650101
2017-07-07,31360.630859375,31426.2890625,31286.619140625,31373.51953125,6200.0,2,0.96895963247357
2017-07-10,31715.640625,31768.390625,31471.41015625,31510.619140625,37900.0,2,0.9243163674601749
2017-07-11,31747.08984375,31885.109375,31718.48046875,31789.5,9100.0,2,0.9419645908780687
2017-07-12,31804.8203125,31865.689453125,31731.4296875,31813.240234375,8300.0,2,0.9519006970581755
2017-07-13,32037.380859375,32091.51953125,31892.630859375,31896.23046875,10500.0,2,0.8979571238032841
2017-07-14,32020.75,32109.75,31897.869140625,32099.9296875,7200.0,2,0.9406794463712139
2017-07-17,32074.779296875,32131.919921875,32037.2109375,32053.98046875,10300.0,2,0.8207594570098191
2017-07-18,31710.990234375,31911.609375,31626.439453125,31775.5390625,21600.0,2,0.9558414441512897
2017-07-19,31955.349609375,31978.890625,31793.720703125,31882.80078125,11300.0,2,0.942735472595364
2017-07-20,31904.400390625,32057.119140625,31859.5,32033.8203125,11200.0,2,0.9560430297187105
2017-07-21,32028.890625,32062.23046875,31808.9296875,32035.880859375,18000.0,2,0.5451757209524359
2017-07-24,32245.869140625,32320.859375,32058.330078125,32100.220703125,11500.0,2,0.8848759693654463
2017-07-25,32228.26953125,32374.30078125,32196.859375,32350.7109375,14100.0,2,0.9335452913015082
2017-07-26,32382.4609375,32413.630859375,32226.080078125,32255.990234375,12400.0,2,0.9207558407908231
2017-07-27,32383.30078125,32672.66015625,32325.330078125,32519.439453125,10900.0,2,0.6553131950223959
2017-07-28,32309.880859375,32381.359375,32104.66015625,32381.359375,11300.0,1,0.5699757383011015
2017-07-31,32514.939453125,32546.5,32324.44921875,32412.19921875,13100.0,2,0.9305444945450204
2017-08-01,32575.169921875,32632.01953125,32462.25,32579.80078125,9000.0,2,0.9522551361237457
2017-08-02,32476.740234375,32686.48046875,32394.890625,32641.580078125,10500.0,2,0.9349775307404214
2017-08-03,32237.880859375,32502.55078125,32194.580078125,32502.55078125,12600.0,2,0.7145877624198935
2017-08-04,32325.41015625,32352.189453125,32107.990234375,32191.119140625,11300.0,2,0.9020834893370081
2017-08-07,32273.669921875,32396.140625,32235.8203125,32377.80078125,10400.0,2,0.9387833221636498
2017-08-08,32014.189453125,32354.76953125,31915.19921875,32341.05078125,9400.0,1,0.9740772535518667
2017-08-09,31797.83984375,31967.279296875,31731.91015625,31926.140625,9300.0,2,0.9691008997142607
2017-08-10,31531.330078125,31756.26953125,31422.80078125,31750.73046875,13000.0,2,0.7135493386211618
2017-08-11,31213.58984375,31379.19921875,31128.01953125,31355.919921875,15200.0,2,0.9544276461185018
2017-08-14,31449.029296875,31526.400390625,31298.900390625,31299.51953125,9700.0,2,0.8656242265363443
2017-08-16,31770.890625,31805.990234375,31399.349609375,31566.240234375,12500.0,1,0.9833703421808032
2017-08-17,31795.4609375,31937.509765625,31714.099609375,31919.169921875,8500.0,2,0.9640500324198957
2017-08-18,31524.6796875,31729.880859375,31349.130859375,31729.880859375,16400.0,1,0.8227720164994684
2017-08-21,31258.849609375,31641.810546875,31220.529296875,31609.9296875,23600.0,1,0.9539647447000207
2017-08-22,31291.849609375,31484.279296875,31241.5,31393.9296875,10800.0,2,0.9660649035764081
2017-08-23,31568.009765625,31593.390625,31379.25,31407.470703125,10000.0,2,0.9145637787411248
2017-08-24,31596.060546875,31678.189453125,31546.05078125,31673.439453125,8900.0,2,0.9323516373980395
2017-08-28,31750.8203125,31809.69921875,31701.669921875,31756.869140625,10100.0,2,0.9053304334916802
2017-08-29,31388.390625,31739.80078125,31360.810546875,31724.83984375,6800.0,1,0.8453674784752767
2017-08-30,31646.4609375,31727.98046875,31533.01953125,31534.5703125,5400.0,2,0.9249569454720209
2017-08-31,31730.490234375,31757.1796875,31551.849609375,31685.439453125,17900.0,2,0.9153599643163415
2017-09-01,31892.23046875,31944.099609375,31707.26953125,31769.33984375,6600.0,2,0.9512126339532859
2017-09-04,31702.25,31932.19921875,31560.3203125,31932.19921875,7600.0,1,0.673598465693097
2017-09-05,31809.55078125,31863.470703125,31674.23046875,31755.16015625,8000.0,2,0.9713556440305803
2017-09-06,31661.970703125,31727.849609375,31586.529296875,31713.5,7400.0,2,0.9481800344483533
2017-09-07,31662.740234375,31814.9609375,31620.439453125,31738.740234375,10200.0,2,0.9658424079884508
2017-09-08,31687.51953125,31763.69921875,31619.0,31694.150390625,7800.0,2,0.9634131665524185
2017-09-11,31882.16015625,31952.869140625,31797.890625,31798.310546875,8700.0,2,0.9089828583987691
2017-09-12,32158.66015625,32172.4609375,31950.240234375,32029.150390625,7000.0,2,0.9201774209011994
2017-09-13,32186.41015625,32348.30078125,32126.76953125,32188.94921875,8900.0,2,0.920727796665133
2017-09-14,32241.9296875,32328.609375,32186.83984375,32289.259765625,9100.0,2,0.944886187550528
2017-09-15,32272.609375,32356.109375,32138.380859375,32207.630859375,8900.0,2,0.9667008453438146
2017-09-18,32423.759765625,32508.060546875,32361.25,32361.369140625,9500.0,2,0.8612276278383169
2017-09-19,32402.369140625,32524.109375,32358.630859375,32522.439453125,57400.0,2,0.9856395753626261
2017-09-20,32400.509765625,32499.880859375,32383.8203125,32467.099609375,10500.0,2,0.8700296850512071
2017-09-21,32370.0390625,32462.609375,32164.419921875,32406.419921875,8700.0,2,0.8171689557552807
2017-09-22,31922.439453125,32342.810546875,31886.08984375,32339.5,9600.0,1,0.998452043956043
2017-09-25,31626.630859375,32016.51953125,31474.560546875,31986.400390625,12200.0,1,0.9999273078055557
2017-09-26,31599.759765625,31693.58984375,31455.650390625,31685.810546875,10000.0,2,0.9031647062883433
2017-09-27,31159.810546875,31797.4609375,31100.80078125,31785.240234375,9800.0,1,0.9999847134308029
2017-09-28,31282.48046875,31340.91015625,31081.830078125,31216.359375,8300.0,2,0.9556250333309463
2017-09-29,31283.720703125,31523.869140625,31243.7109375,31367.25,7700.0,2,0.8589260324516408
2017-10-03,31497.380859375,31615.279296875,31440.48046875,31537.810546875,7100.0,2,0.9755985148358907
2017-10-04,31671.7109375,31752.16015625,31457.779296875,31522.169921875,5900.0,2,0.8728062533457354
2017-10-05,31592.029296875,31772.41015625,31562.25,31725.849609375,5900.0,2,0.9696953297087506
2017-10-06,31814.220703125,31844.279296875,31632.810546875,31633.33984375,8300.0,2,0.8712752939490288
2017-10-09,31846.890625,31935.630859375,31781.75,31862.19921875,5800.0,2,0.9711133511126508
2017-10-10,31924.41015625,31994.76953125,31896.900390625,31910.8203125,7200.0,2,0.8550088695651126
2017-10-11,31833.990234375,32098.4609375,31769.400390625,31975.58984375,8600.0,2,0.8673812103357652
2017-10-12,32182.220703125,32209.029296875,31813.669921875,31887.470703125,7800.0,1,0.992876371729917
2017-10-13,32432.689453125,32508.58984375,32247.740234375,32247.740234375,15500.0,2,0.6828799022907194
2017-10-16,32633.640625,32687.3203125,32445.4296875,32488.23046875,9200.0,2,0.907665560282861
2017-10-17,32609.16015625,32699.859375,32556.740234375,32654.41015625,5500.0,2,0.9548087776955424
2017-10-18,32584.349609375,32670.3203125,32462.849609375,32518.560546875,14100.0,2,0.9503093359021773
2017-10-19,32389.9609375,32663.060546875,32319.369140625,32656.75,2500.0,2,0.6580706211349219
2017-10-23,32506.720703125,32614.890625,32312.740234375,32411.859375,8400.0,2,0.9178515718772221
2017-10-24,32607.33984375,32670.369140625,32502.080078125,32619.259765625,8400.0,2,0.9558258128871476
2017-10-25,33042.5,33117.328125,32804.6015625,32995.28125,29900.0,2,0.9219207271495866
2017-10-26,33147.12890625,33196.171875,32835.05859375,33025.171875,15500.0,1,0.7321054135205495
2017-10-27,33157.21875,33286.51171875,33109.41015625,33228.3203125,18300.0,2,0.9301575417026017
2017-10-30,33266.16015625,33340.171875,33206.9296875,33260.1015625,14000.0,2,0.8773447738845699
2017-10-31,33213.12890625,33294.30078125,33164.28125,33254.9296875,11500.0,2,0.8877833218702702
2017-11-01,33600.26953125,33651.51953125,33340.62109375,33344.23046875,14200.0,1,0.7946010791488175
2017-11-02,33573.21875,33657.5703125,33527.0,33615.83984375,12400.0,2,0.8677254756036293
2017-11-03,33685.55859375,33733.7109375,33531.94140625,33667.33984375,199700.0,0,1.0
2017-11-06,33731.19140625,33848.421875,33582.37890625,33710.1484375,13100.0,2,0.9596239257896443
2017-11-07,33370.76171875,33865.94921875,33341.8203125,33781.01171875,16300.0,1,0.9999509003238031
2017-11-08,33218.80859375,33484.69921875,33157.6796875,33417.3515625,283000.0,0,1.0
2017-11-09,33250.9296875,33463.80078125,33111.5390625,33376.62109375,14100.0,2,0.8785003542204797
2017-11-10,33314.55859375,33380.421875,33108.08984375,33235.75,21200.0,2,0.9353648204986603
2017-11-13,33033.55859375,33417.30078125,32999.98046875,33397.41015625,18200.0,1,0.9706606831976136
2017-11-14,32941.87109375,33126.55078125,32907.109375,32990.03125,12000.0,2,0.8787771269289198
2017-11-15,32760.439453125,32944.94140625,32683.58984375,32944.94140625,11300.0,2,0.8981064283697413
2017-11-16,33106.8203125,33165.1484375,32829.8203125,32829.8203125,9600.0,1,0.9331514144934272
2017-11-17,33342.80078125,33520.8203125,33278.91015625,33388.46875,11300.0,2,0.9357253326495001
2017-11-20,33359.8984375,33449.53125,33288.2109375,33365.83984375,7900.0,2,0.9474068404249405
2017-11-21,33478.3515625,33625.05078125,33437.609375,33438.28125,14800.0,2,0.5563609040544678
2017-11-22,33561.55078125,33654.53125,33465.23046875,33569.0703125,13100.0,2,0.9524897782206163
2017-11-23,33588.078125,33670.19140625,33468.30078125,33575.91015625,7100.0,2,0.965476633762499
2017-11-24,33679.23828125,33738.53125,33639.98046875,33670.0,7800.0,2,0.7788139433057941
2017-11-27,33724.44140625,33745.171875,33540.4609375,33640.51171875,8900.0,2,0.9026166107128956
2017-11-28,33618.58984375,33770.1484375,33576.6484375,33726.6484375,8100.0,2,0.94547165287298
2017-11-29,33602.76171875,33728.80859375,33553.12109375,33664.26953125,6600.0,2,0.9514355695447364
2017-11-30,33149.3515625,33576.19921875,33108.71875,33542.5,7400.0,1,0.9981576062591807
2017-12-01,32832.94140625,33300.80859375,32797.78125,33247.66015625,9200.0,1,0.9998378003237808
2017-12-04,32869.71875,33008.46875,32785.76171875,32968.01953125,9600.0,2,0.9635130727015964
2017-12-05,32802.44140625,32893.05078125,32682.51953125,32814.03125,8600.0,2,0.9713131055762415
2017-12-06,32597.1796875,32804.75,32565.16015625,32798.5,9600.0,2,0.9107092511800255
2017-12-07,32949.2109375,32992.44921875,32598.119140625,32615.05078125,9500.0,1,0.9978766020964814
2017-12-08,33250.30078125,33285.6796875,33034.19921875,33034.19921875,14200.0,2,0.6324042519405919
2017-12-11,33455.7890625,33535.96875,33313.171875,33317.71875,12000.0,2,0.8117566593429877
2017-12-12,33227.98828125,33458.41015625,33179.75,33426.58984375,8200.0,2,0.9045660065542349
2017-12-13,33053.0390625,33404.26171875,32988.8203125,33229.73046875,24500.0,1,0.8146653054194751
2017-12-14,33246.69921875,33321.51953125,32886.9296875,33114.69140625,11200.0,1,0.9851985962236406
2017-12-15,33462.96875,33621.9609375,33405.8203125,33456.01953125,24200.0,2,0.8491682383007131
2017-12-18,33601.6796875,33801.8984375,32595.630859375,33364.51953125,21100.0,1,0.9490314823410546
2017-12-19,33836.73828125,33862.0703125,33666.62109375,33732.078125,20600.0,2,0.9000281957832061
2017-12-20,33777.37890625,33956.30859375,33754.94140625,33928.58984375,7100.0,2,0.9235979160510783
2017-12-21,33756.28125,33860.98828125,33707.80078125,33826.25,9900.0,2,0.912639449196919
2017-12-22,33940.30078125,33964.28125,33767.73046875,33768.46875,7800.0,2,0.8116305725992083
2017-12-26,34010.609375,34061.87890625,33889.75,33980.76171875,12900.0,2,0.9202531511697561
2017-12-27,33911.80859375,34137.96875,33839.51171875,34087.3203125,10900.0,2,0.9017952468249066
2017-12-28,33848.03125,34023.6484375,33752.03125,33928.859375,9500.0,2,0.9601246992882791
2017-12-29,34056.828125,34086.05078125,33889.390625,33889.390625,12100.0,2,0.7872509913499118
2018-01-01,33812.75,34101.12890625,33766.1484375,34059.98828125,7500.0,2,0.6819152138066343
2018-01-02,33812.26171875,33964.140625,33703.37109375,33913.55078125,10600.0,2,0.95011402776242
2018-01-03,33793.37890625,33998.37109375,33765.4296875,33929.609375,9000.0,2,0.9209303931103906
2018-01-04,33969.640625,33995.3984375,33802.12890625,33912.48828125,10500.0,2,0.8952367957917887
2018-01-05,34153.8515625,34188.8515625,34020.83984375,34021.26953125,14700.0,2,0.7988799597624627
2018-01-08,34352.7890625,34385.671875,34216.328125,34216.328125,13500.0,2,0.7896093415895741
2018-01-09,34443.19140625,34488.03125,34343.41015625,34431.609375,11200.0,2,0.8673901731625091
2018-01-10,34433.0703125,34565.62890625,34311.62890625,34538.78125,8500.0,2,0.9156873879335594
2018-01-11,34503.48828125,34558.87890625,34400.609375,34471.48046875,8100.0,2,0.9141266558763976
2018-01-12,34592.390625,34638.421875,34342.16015625,34578.98828125,7800.0,1,0.6194996358431818
2018-01-15,34843.51171875,34963.69140625,34687.2109375,34687.2109375,14600.0,1,0.5907628959454326
2018-01-16,34771.05078125,34936.03125,34735.55078125,34877.7109375,53600.0,2,0.9948969226586972
2018-01-17,35081.8203125,35118.609375,34700.8203125,34753.80078125,35000.0,1,0.9809350655269957
2018-01-18,35260.2890625,35507.359375,35166.44140625,35366.44921875,15700.0,2,0.8368745496116484
2018-01-19,35511.578125,35542.171875,35221.16015625,35339.109375,35200.0,2,0.848558160580156
2018-01-22,35798.01171875,35827.69921875,35544.6796875,35613.96875,13700.0,2,0.6154799176083219
2018-01-23,36139.98046875,36170.828125,35863.98046875,35868.19140625,27000.0,1,0.7340819715385167
2018-01-24,36161.640625,36268.19140625,36036.51171875,36161.62109375,25200.0,2,0.9482906172928598
2018-01-25,36050.44140625,36247.01953125,35823.3515625,36208.390625,15100.0,1,0.9473177754303296
2018-01-29,36283.25,36443.98046875,36093.359375,36106.359375,16900.0,1,0.9472932968027628
2018-01-30,36033.73046875,36291.8203125,35993.41015625,36277.12109375,18100.0,2,0.6797210119526245
2018-01-31,35965.01953125,36050.69140625,35818.41015625,35951.640625,11000.0,2,0.9247053229191984
2018-02-01,35906.66015625,36256.828125,35501.73828125,36048.98828125,25200.0,1,0.9999924071297946
2018-02-02,35066.75,35738.12890625,35006.41015625,35707.6015625,18000.0,1,0.9999908506196298
2018-02-05,34757.16015625,34874.171875,34520.80078125,34718.8515625,23500.0,2,0.867504376816908
2018-02-06,34195.94140625,34521.01171875,33482.80859375,33753.78125,22900.0,1,0.9995549023457934
2018-02-07,34082.7109375,34666.328125,34008.421875,34563.30078125,13100.0,1,0.9999935877799194
2018-02-08,34413.16015625,34634.3515625,34108.76171875,34208.109375,35700.0,1,0.9990348231279079
2018-02-09,34005.76171875,34070.73046875,33849.6484375,34002.44921875,15200.0,2,0.9238616501363757
2018-02-12,34300.46875,34351.33984375,34115.12109375,34203.33984375,15500.0,2,0.9157969324537484
2018-02-14,34155.94921875,34473.4296875,34028.6796875,34436.98046875,21100.0,1,0.9193441620766766
2018-02-15,34297.46875,34535.078125,34186.01171875,34207.5703125,13000.0,1,0.986857239431674
2018-02-16,34010.76171875,34508.23828125,33957.328125,34411.23828125,18000.0,1,0.999972568562129
2018-02-19,33774.66015625,34122.9609375,33554.37109375,34053.94921875,18000.0,1,0.9999155370525792
2018-02-20,33703.58984375,33960.94921875,33657.890625,33913.94140625,19200.0,2,0.8415350337010196
2018-02-21,33844.859375,33911.359375,33702.5,33813.828125,17700.0,2,0.9446025586994923
2018-02-22,33819.5,33868.73828125,33691.421875,33817.08984375,11800.0,2,0.9113971522313542
2018-02-23,34142.1484375,34167.6015625,33832.0,33832.0,21600.0,1,0.948775432249584
2018-02-26,34445.75,34483.390625,34225.71875,34225.71875,8400.0,2,0.5382547084917786
2018-02-27,34346.390625,34610.7890625,34314.87109375,34558.55859375,12700.0,2,0.7962764372355221
2018-02-28,34184.0390625,34302.73828125,34076.44921875,34155.62890625,12000.0,2,0.9408725487591515
2018-03-01,34046.94140625,34278.62890625,34015.7890625,34141.21875,11300.0,2,0.8006610252672076
2018-03-05,33746.78125,34034.28125,33653.41015625,34034.28125,16900.0,1,0.7605178483005753
2018-03-06,33317.19921875,34060.12890625,33209.76171875,34047.4296875,11800.0,1,0.999966144942551
2018-03-07,33033.08984375,33331.2109375,32991.140625,33279.390625,10700.0,2,0.6552043815483802
2018-03-08,33351.5703125,33439.96875,33037.48046875,33244.51953125,15500.0,1,0.8047626548250757
2018-03-09,33307.140625,33519.48828125,33256.421875,33465.05078125,8200.0,2,0.9399615447870372
2018-03-12,33917.94140625,33962.48046875,33468.16015625,33468.16015625,12200.0,1,0.9999933363062288
2018-03-13,33856.78125,34077.3203125,33722.9609375,33818.21875,14300.0,1,0.5741204091662848
2018-03-14,33835.73828125,33875.1484375,33580.69140625,33733.55078125,9300.0,2,0.7417830701889343
2018-03-15,33685.5390625,33866.28125,33637.28125,33843.46875,17300.0,2,0.9152280758526681
2018-03-16,33176.0,33691.3203125,33119.921875,33685.859375,12700.0,1,0.9999948323031141
2018-03-19,32923.12109375,33275.7890625,32856.5390625,33268.96875,9800.0,1,0.9620717518590582
2018-03-20,32996.76171875,33102.73828125,32810.859375,32876.48046875,14600.0,2,0.867907467021045
2018-03-21,33136.1796875,33354.9296875,33070.53125,33090.8203125,10100.0,1,0.8517304607269078
2018-03-22,33006.26953125,33281.76953125,32963.30859375,33206.98828125,12900.0,2,0.8110515165366539
2018-03-23,32596.5390625,32720.029296875,32483.83984375,32650.890625,11400.0,2,0.9709759775602859
2018-03-26,33066.41015625,33115.41015625,32515.169921875,32536.439453125,16400.0,1,0.9999896133073983
2018-03-27,33174.390625,33371.0390625,33077.12890625,33172.98046875,15100.0,2,0.8466178337956354
2018-03-28,32968.6796875,33104.109375,32917.66015625,33098.08984375,12300.0,2,0.923149904091166
2018-04-02,33255.359375,33289.33984375,32997.87890625,33030.87109375,7600.0,2,0.5258845354087184
2018-04-03,33370.62890625,33402.94140625,33153.828125,33197.421875,11100.0,2,0.8280894663527119
2018-04-04,33019.0703125,33505.53125,32972.55859375,33437.51953125,9700.0,1,0.9999644193230609
2018-04-05,33596.80078125,33637.4609375,33267.859375,33289.9609375,11000.0,1,0.9861466018474471
2018-04-06,33626.96875,33697.51171875,33501.37109375,33608.58984375,10800.0,2,0.9531508086986293
2018-04-09,33788.5390625,33846.5,33578.91015625,33653.609375,37400.0,2,0.9753645863369093
2018-04-10,33880.25,33949.98046875,33813.30078125,33880.109375,13600.0,2,0.8719310350841422
2018-04-11,33940.44140625,33981.5390625,33750.73828125,33970.3515625,9300.0,2,0.6060549395106674
2018-04-12,34101.12890625,34177.44140625,33924.87890625,33987.55078125,6600.0,2,0.9166970128616216
2018-04-13,34192.6484375,34313.140625,34103.53125,34167.53125,8300.0,2,0.9319551982354571
2018-04-16,34305.4296875,34341.4609375,33899.33984375,33944.73046875,7100.0,1,0.9999073186032433
2018-04-17,34395.05859375,34434.140625,34229.828125,34381.80078125,10400.0,2,0.8625620319763332
2018-04-18,34331.6796875,34591.80859375,34270.0390625,34443.421875,8200.0,2,0.7777078009281267
2018-04-19,34427.2890625,34478.8203125,34358.91015625,34403.671875,7600.0,2,0.8358692717288924
2018-04-20,34415.578125,34487.328125,34311.2890625,34434.140625,10200.0,2,0.9232441653050929
2018-04-23,34450.76953125,34663.94921875,34259.26953125,34493.69140625,9500.0,2,0.67167595935208
2018-04-24,34616.640625,34706.7109375,34465.48828125,34491.37890625,8400.0,2,0.8291812687223498
2018-04-25,34501.26953125,34631.26953125,34400.55859375,34593.171875,7800.0,2,0.9440077352753588
2018-04-26,34713.6015625,34747.96875,34505.62109375,34532.94921875,10000.0,2,0.7549700733645409
2018-04-27,34969.69921875,35065.37109375,34744.73046875,34747.0390625,16200.0,1,0.8292313140116845
2018-04-30,35160.359375,35213.30078125,35004.0,35021.19921875,6900.0,2,0.8302452708073496
2018-05-02,35176.421875,35357.1484375,35072.421875,35328.91015625,8700.0,2,0.8842600020626099
2018-05-03,35103.140625,35257.30859375,35020.078125,35257.30859375,7700.0,2,0.8740152671824161
2018-05-04,34915.37890625,35206.55078125,34847.609375,35144.9609375,7800.0,2,0.6163827960319817
2018-05-07,35208.140625,35259.80859375,34977.73828125,34983.58984375,12600.0,1,0.6101684200318129
2018-05-08,35216.3203125,35388.87109375,35136.01171875,35349.8515625,14200.0,2,0.9158409103006735
2018-05-09,35319.3515625,35404.828125,35134.19921875,35198.078125,9400.0,2,0.8521800271313017
2018-05-10,35246.26953125,35500.76171875,35203.8515625,35353.9609375,8400.0,2,0.717858030156704
2018-05-11,35535.7890625,35596.1484375,35262.05859375,35287.98828125,8900.0,1,0.8714655632620205
2018-05-14,35556.7109375,35642.71875,35456.55859375,35555.828125,9000.0,2,0.9200209088819908
2018-05-15,35543.94140625,35993.53125,35497.921875,35537.8515625,12000.0,1,0.9999135306949115
2018-05-16,35387.87890625,35543.890625,35241.62890625,35452.3515625,10900.0,2,0.9282554534271098
2018-05-17,35149.12109375,35510.01171875,35087.8203125,35483.62109375,11000.0,1,0.9572500431898145
2018-05-18,34848.30078125,35163.109375,34821.62109375,35143.58984375,9500.0,1,0.629947250468387
2018-05-21,34616.12890625,34973.94921875,34593.8203125,34873.16015625,6500.0,1,0.8340735258980068
2018-05-22,34651.23828125,34754.6015625,34550.21875,34601.48828125,12000.0,2,0.9042512307835793
2018-05-23,34344.91015625,34668.46875,34302.890625,34656.62890625,11300.0,1,0.7620022639965586
2018-05-24,34663.109375,34741.4609375,34367.828125,34404.140625,15800.0,1,0.9513620498005619
2018-05-25,34924.87109375,35017.9296875,34700.51953125,34753.46875,10300.0,2,0.5646787245774043
2018-05-28,35165.48046875,35240.9609375,35006.5,35074.3203125,11200.0,2,0.9088629458953928
2018-05-29,34949.23828125,35234.140625,34922.1796875,35213.140625,8400.0,2,0.6143004190717908
2018-05-30,34906.109375,35017.44921875,34735.109375,34876.12890625,10900.0,2,0.9399865260158987
2018-05-31,35322.37890625,35416.03125,34926.078125,35083.80859375,22900.0,1,0.9983448748772052
2018-06-01,35227.26171875,35438.21875,35177.3515625,35373.98046875,11900.0,2,0.9004963412943726
2018-06-04,35011.890625,35555.58984375,34982.25,35503.23828125,29400.0,1,0.9999844535608593
2018-06-05,34903.2109375,35073.12109375,34784.6796875,35029.44921875,8300.0,2,0.9112463543091215
2018-06-06,35178.87890625,35230.5390625,34896.37109375,34932.48828125,10100.0,1,0.8425348514261365
2018-06-07,35463.078125,35628.48828125,35278.37890625,35278.37890625,8800.0,1,0.9786678825376344
2018-06-08,35443.671875,35484.94140625,35260.0,35406.46875,9900.0,2,0.8485537571868689
2018-06-11,35483.46875,35704.83984375,35444.48828125,35472.58984375,11100.0,1,0.8573016670500402
2018-06-12,35692.51953125,35743.078125,35479.0703125,35525.30078125,11100.0,2,0.7365321512582597
2018-06-13,35739.16015625,35877.41015625,35715.9609375,35835.44140625,11900.0,2,0.7947235841486918
2018-06-14,35599.8203125,35749.87890625,35488.55078125,35743.1015625,9800.0,2,0.830165932332813
2018-06-15,35622.140625,35675.19921875,35419.6796875,35656.26171875,9000.0,1,0.5297135313978852
2018-06-18,35548.26171875,35721.55078125,35518.73046875,35698.4296875,8100.0,2,0.8701012848327273
2018-06-19,35286.73828125,35552.46875,35249.05859375,35552.46875,9000.0,2,0.6098610295970518
2018-06-20,35547.328125,35571.37109375,35329.51171875,35329.609375,10200.0,2,0.5156410606345895
2018-06-21,35432.390625,35678.69140625,35396.96875,35644.05078125,62300.0,2,0.9754569308398982
2018-06-22,35689.6015625,35741.26171875,35344.48828125,35428.421875,14700.0,1,0.9769418301179417
2018-06-25,35470.3515625,35806.96875,35430.109375,35783.75,11800.0,1,0.8297151635029738
2018-06-26,35490.0390625,35616.640625,35338.08984375,35355.71875,11500.0,2,0.5164202819198875
2018-06-27,35217.109375,35618.8515625,35154.2109375,35543.890625,11300.0,1,0.9900303082663651
2018-06-28,35037.640625,35282.3984375,34937.1484375,35207.19140625,13000.0,2,0.8249088517068439
2018-06-29,35423.48046875,35459.05078125,35099.6484375,35128.16015625,37800.0,1,0.6854722544329055
2018-07-02,35264.41015625,35578.23828125,35106.5703125,35545.21875,14800.0,1,0.9866934359944207
2018-07-03,35378.6015625,35445.2109375,35195.62890625,35344.2109375,7700.0,2,0.9089594244594146
2018-07-04,35645.3984375,35667.30859375,35309.671875,35385.51953125,11900.0,1,0.9456795059969152
2018-07-05,35574.55078125,35748.26171875,35517.7890625,35703.171875,19300.0,2,0.9043588093384879
2018-07-06,35657.859375,35799.7109375,35532.2109375,35543.66015625,14600.0,1,0.5509330621535904
2018-07-09,35934.71875,35977.37109375,35779.71875,35835.1015625,8400.0,2,0.8650635061171736
2018-07-10,36239.62109375,36274.328125,36019.62890625,36068.26953125,8800.0,2,0.7036849857023256
2018-07-11,36265.9296875,36362.30078125,36169.69921875,36299.26171875,9400.0,2,0.9015144706418421
2018-07-12,36548.41015625,36699.53125,36422.078125,36424.23046875,12300.0,1,0.7739357862176561
2018-07-13,36541.62890625,36740.0703125,36501.609375,36635.140625,11900.0,2,0.8296535997506896
2018-07-16,36323.76953125,36658.7109375,36298.94140625,36658.7109375,9600.0,1,0.8740636411574209
2018-07-17,36519.9609375,36549.55078125,36261.78125,36390.98828125,9200.0,2,0.6036296963005547
2018-07-18,36373.44140625,36747.87109375,36320.921875,36722.41015625,18400.0,1,0.96755188920478
2018-07-19,36351.23046875,36515.578125,36279.328125,36509.078125,9400.0,2,0.8373700451733134
2018-07-20,36496.37109375,36567.33984375,36335.609375,36377.03125,16300.0,2,0.8135519458757847
2018-07-23,36718.6015625,36749.69140625,36491.828125,36501.05078125,8100.0,1,0.5728244650247294
2018-07-24,36825.1015625,36902.05859375,36709.71875,36859.390625,11600.0,2,0.8320483285894125
2018-07-25,36858.23046875,36947.1796875,36803.1484375,36928.05859375,11000.0,2,0.6867569343070373
2018-07-26,36984.640625,37061.62109375,36852.53125,36928.37890625,17800.0,2,0.8706646414317554
2018-07-27,37336.8515625,37368.62109375,37134.87890625,37253.859375,14700.0,2,0.7555582673190642
2018-07-30,37494.3984375,37533.5,37292.44921875,37491.390625,14100.0,1,0.5104993708483023
2018-07-31,37606.578125,37644.58984375,37298.75,37534.94921875,14000.0,1,0.9203205270655178
2018-08-01,37521.62109375,37711.87109375,37432.91015625,37643.87109375,16100.0,2,0.8847177239004167
2018-08-02,37165.16015625,37529.69140625,37128.98828125,37529.69140625,11700.0,1,0.9719611510676468
2018-08-03,37556.16015625,37582.26953125,37319.609375,37327.16015625,17800.0,1,0.6444253962997554
2018-08-06,37691.890625,37805.25,37643.2890625,37714.69921875,12400.0,2,0.6772951679448158
2018-08-07,37665.80078125,37876.87109375,37586.87890625,37849.2109375,15900.0,2,0.7794226569001597
2018-08-08,37887.55859375,37931.421875,37641.3984375,37756.23828125,9400.0,2,0.6210609986671974
2018-08-09,38024.37109375,38076.23046875,37939.28125,37994.51171875,15300.0,2,0.5469662675095688
2018-08-10,37869.23046875,38051.44921875,37815.75,38050.0703125,15600.0,2,0.7070539585323363
2018-08-13,37644.8984375,37799.5390625,37559.26171875,37693.19140625,11400.0,2,0.8862577292451704
2018-08-14,37852.0,37932.3984375,37689.7109375,37749.58984375,11300.0,2,0.7909774077491312
2018-08-16,37663.55859375,37891.921875,37634.12890625,37796.01171875,13000.0,2,0.7241175047446832
2018-08-17,37947.87890625,38022.3203125,37840.16015625,37898.6015625,10000.0,2,0.7689081183982894
2018-08-20,38278.75,38340.69140625,38050.69140625,38075.0703125,11800.0,1,0.672053851089844
2018-08-21,38285.75,38402.9609375,38213.87109375,38360.3203125,8900.0,2,0.7835819700467952
2018-08-23,38336.76171875,38487.62890625,38227.359375,38416.6484375,11100.0,2,0.875365175513466
2018-08-24,38251.80078125,38429.5,38172.76953125,38366.7890625,10700.0,2,0.8558620878446002
2018-08-27,38694.109375,38736.87890625,38416.73046875,38472.03125,10800.0,1,0.8048523095518836
2018-08-28,38896.62890625,38938.91015625,38760.578125,38814.76171875,9900.0,2,0.6439916251656376
2018-08-29,38722.9296875,38989.6484375,38679.5703125,38989.6484375,11400.0,1,0.6121867743152369
2018-08-30,38690.1015625,38819.05859375,38581.828125,38796.98046875,10800.0,2,0.746733068987747
2018-08-31,38645.0703125,38838.44921875,38562.2109375,38704.83984375,18000.0,2,0.8367250853312946
2018-09-03,38312.51953125,38934.3515625,38270.01171875,38915.91015625,12300.0,1,0.9999929924411843
2018-09-04,38157.921875,38518.55859375,38098.6015625,38460.9609375,12500.0,1,0.9358346853460633
2018-09-05,38018.30859375,38250.609375,37774.421875,38192.94921875,14800.0,1,0.991408552379567
2018-09-06,38242.80859375,38320.9609375,37912.5,38161.8515625,9300.0,1,0.9653696413191801
2018-09-07,38389.8203125,38421.55859375,38067.21875,38314.55078125,18700.0,1,0.959110831589444
2018-09-10,37922.171875,38354.51953125,37882.828125,38348.390625,20500.0,1,0.9988780561456728
2018-09-11,37413.12890625,38043.26953125,37361.19921875,38017.48828125,11900.0,1,0.9999920379434801
2018-09-12,37717.9609375,37752.578125,37342.0,37546.421875,13600.0,1,0.9915911238817804
2018-09-14,38090.640625,38125.62109375,37859.51953125,37939.2890625,12200.0,2,0.6299203920129262
2018-09-17,37585.51171875,38027.80859375,37548.9296875,38027.80859375,8800.0,1,0.9997308095178044
2018-09-18,37290.671875,37745.44140625,37242.8515625,37660.19140625,10900.0,1,0.9994998109902412
2018-09-19,37121.21875,37530.62890625,37062.69140625,37432.9296875,13000.0,1,0.991309828804764
2018-09-21,36841.6015625,37489.23828125,35993.640625,37278.890625,41100.0,0,0.9758383791633164
2018-09-24,36305.01953125,36945.5,36216.94921875,36924.71875,23300.0,1,0.9999901892019445
2018-09-25,36652.05859375,36705.7890625,36064.1015625,36350.25,20500.0,1,0.9999925601213371
2018-09-26,36542.26953125,36938.73828125,36357.9296875,36936.640625,21800.0,1,0.9999917812782044
2018-09-27,36324.171875,36711.62109375,36238.23046875,36691.9296875,17800.0,1,0.9954213483423778
2018-09-28,36227.140625,36551.859375,35985.62890625,36452.73828125,22800.0,1,0.999380872713595
2018-10-01,36526.140625,36616.640625,35960.6484375,36274.25,21300.0,1,0.9999931985935004
2018-10-03,35975.62890625,36602.8515625,35911.8203125,36602.8515625,25100.0,1,0.9999891832445912
2018-10-04,35169.16015625,35820.53125,35022.12109375,35820.53125,21300.0,1,0.999986624953266
2018-10-05,34376.98828125,35118.5390625,34202.21875,35097.98828125,22100.0,1,0.9999638115090254
2018-10-08,34474.37890625,34636.4296875,33974.66015625,34412.359375,20400.0,1,0.9999932967665485
2018-10-09,34299.46875,34711.6796875,34233.5,34651.8203125,30300.0,1,0.9821875922633964
2018-10-10,34760.890625,34858.3515625,34346.5,34493.2109375,24400.0,1,0.9997103280274857
2018-10-11,34001.1484375,34325.1796875,33723.53125,34063.8203125,30700.0,1,0.9989253640452181
2018-10-12,34733.578125,34808.421875,34279.78125,34291.921875,31300.0,1,0.9999791896419096
2018-10-15,34865.1015625,35008.6484375,34559.98046875,34971.828125,10600.0,1,0.9992184672065968
2018-10-16,35162.48046875,35215.7890625,34913.05859375,35004.328125,12900.0,2,0.7076855167048535
2018-10-17,34779.578125,35605.4296875,34727.16015625,35543.37890625,17700.0,1,0.9999635377633292
2018-10-19,34315.62890625,34563.2890625,34140.3203125,34563.2890625,16000.0,1,0.9649786885690935
2018-10-22,34134.37890625,34748.69140625,34082.76171875,34689.390625,17100.0,1,0.9999937638305073
2018-10-23,33847.23046875,34073.921875,33742.75,33935.87890625,12700.0,2,0.9019920482844096
2018-10-24,34033.9609375,34300.96875,33726.0703125,34203.69921875,18900.0,1,0.9999655280300923
2018-10-25,33690.08984375,33838.76171875,33553.1796875,33778.6015625,17400.0,2,0.9397385772605247
2018-10-26,33349.30859375,33776.80078125,33291.578125,33776.80078125,21300.0,1,0.9993781984883593
2018-10-29,34067.3984375,34154.6015625,33341.80078125,33549.87890625,28000.0,1,0.9999417722534407
2018-10-30,33891.12890625,34176.359375,33799.7890625,34068.921875,15800.0,2,0.7013237121089647
2018-10-31,34442.05078125,34463.37890625,33587.23828125,33963.08984375,25900.0,1,0.9997550323430121
2018-11-01,34431.96875,34679.9296875,34303.37890625,34650.62890625,22400.0,2,0.5757610133566609
2018-11-02,35011.6484375,35190.19921875,34649.80078125,34743.94921875,38700.0,1,0.9994833386914177
2018-11-05,34950.921875,35123.41015625,34811.6015625,35118.62109375,22200.0,2,0.7234965962754929
2018-11-06,34991.91015625,35196.03125,34889.71875,35076.23828125,16200.0,2,0.9286712429828755
2018-11-07,35237.6796875,35302.25,35183.171875,35301.87890625,2500.0,2,0.8026874302729179
2018-11-09,35158.55078125,35287.2890625,35011.23046875,35258.12890625,17100.0,2,0.8505357700800817
2018-11-12,34812.98828125,35333.21875,34756.80078125,35287.48828125,15700.0,1,0.9999950783462188
2018-11-13,35144.48828125,35187.75,34672.19921875,34846.19140625,12000.0,1,0.9999913938018441
2018-11-14,35141.98828125,35351.87890625,34986.859375,35330.140625,23300.0,2,0.5707811661434582
2018-11-15,35260.5390625,35402.0,35118.421875,35145.75,20000.0,2,0.6012016510123358
2018-11-16,35457.16015625,35545.8515625,35324.37109375,35398.69921875,21100.0,2,0.9235806536405349
2018-11-19,35774.87890625,35818.828125,35511.1015625,35647.62109375,15600.0,2,0.660128477561493
2018-11-20,35474.51171875,35731.671875,35416.1796875,35730.76953125,15700.0,2,0.602250845272364
2018-11-21,35199.80078125,35494.25,35112.48828125,35492.62109375,13900.0,1,0.8026341641229223
2018-11-22,34981.01953125,35364.5,34937.98046875,35282.328125,13800.0,1,0.9526113620367832
2018-11-26,35354.078125,35397.23828125,34896.0703125,35118.08984375,19200.0,1,0.9999552773559978
2018-11-27,35513.140625,35555.16015625,35262.96875,35394.76953125,19100.0,2,0.7680151456744265
2018-11-28,35716.94921875,35822.16015625,35605.33984375,35635.51953125,27500.0,2,0.8622240183393518
2018-11-29,36170.41015625,36253.8515625,35946.23828125,35997.2890625,40500.0,2,0.9563717656195245
2018-11-30,36194.30078125,36389.21875,36082.96875,36304.4296875,23300.0,2,0.9366374358696005
2018-12-03,36241.0,36446.16015625,36099.6796875,36396.69140625,30100.0,2,0.8991056324226421
2018-12-04,36134.30859375,36295.83984375,36036.390625,36290.48046875,18500.0,2,0.8173936715641932
2018-12-05,35884.41015625,36048.6484375,35777.80859375,36035.6484375,20800.0,2,0.8481611143482835
2018-12-06,35312.12890625,35707.23046875,35266.76171875,35694.25,22600.0,1,0.9869497333380833
2018-12-07,35673.25,35730.05078125,35378.26953125,35494.859375,19000.0,1,0.5816446804553076
2018-12-10,34959.71875,35246.96875,34915.76953125,35204.66015625,18500.0,2,0.6591414394320102
2018-12-11,35150.01171875,35207.328125,34426.2890625,34584.12890625,22300.0,1,0.9999654329599388
2018-12-12,35779.0703125,35826.578125,35167.46875,35277.83984375,21600.0,1,0.9999895283466502
2018-12-13,35929.640625,36095.55859375,35794.51171875,36024.87890625,22600.0,2,0.9317212768407156
2018-12-14,35962.9296875,36019.01953125,35813.8515625,35960.19140625,19000.0,2,0.8542155182372755
2018-12-17,36270.0703125,36312.30859375,36123.62109375,36129.12890625,17130800.0,0,1.0
2018-12-18,36347.078125,36375.37890625,36046.51953125,36226.37890625,20793100.0,0,1.0
2018-12-19,36484.328125,36554.98828125,36381.87109375,36441.4609375,16700.0,2,0.8239797062025933
2018-12-20,36431.671875,36475.51953125,36202.8984375,36321.1796875,19766300.0,0,1.0
2018-12-21,35742.0703125,36483.48828125,35694.73828125,36449.26953125,18528300.0,0,1.0
2018-12-24,35470.1484375,35910.671875,35423.23828125,35859.66015625,13245200.0,0,1.0
2018-12-26,35649.94140625,35711.26171875,35010.8203125,35443.16015625,16200.0,1,0.999976813105525
2018-12-27,35807.28125,36041.23828125,35781.94921875,36002.109375,13054200.0,0,1.0
2018-12-28,36076.71875,36194.78125,35911.98828125,35911.98828125,10426300.0,0,1.0
2018-12-31,36068.328125,36285.4609375,36033.94921875,36239.19140625,8645400.0,0,1.0
2019-01-02,35891.51953125,36236.69921875,35734.01171875,36198.12890625,14705400.0,0,1.0
2019-01-03,35513.7109375,35999.66015625,35475.5703125,35934.5,17400.0,1,0.9999238001950173
2019-01-04,35695.1015625,35744.19921875,35382.078125,35590.7890625,15855600.0,0,1.0
2019-01-07,35850.16015625,36076.94921875,35809.23046875,35971.1796875,14831200.0,0,1.0
2019-01-08,35980.9296875,36037.3515625,35753.94921875,35964.62109375,16218000.0,0,1.0
2019-01-09,36212.91015625,36250.5390625,35863.2890625,36181.37109375,20300.0,1,0.9978047654961354
2019-01-10,36106.5,36269.30859375,36070.76171875,36258.0,17331500.0,0,1.0
2019-01-11,36009.83984375,36214.26171875,35840.6015625,36191.87109375,18100.0,1,0.6292388486814164
2019-01-14,35853.55859375,36124.94140625,35691.75,36113.26953125,24100.0,1,0.924313567418106
2019-01-15,36318.328125,36349.30859375,35950.078125,35950.078125,24000.0,1,0.9986896970513958
2019-01-16,36321.2890625,36462.03125,36278.609375,36370.73828125,16400.0,2,0.8100776411427586
2019-01-17,36374.078125,36468.421875,36170.80078125,36413.6015625,20500.0,2,0.7295036944770016
2019-01-18,36386.609375,36469.98046875,36218.328125,36417.578125,20800.0,2,0.8497785514231001
2019-01-21,36578.9609375,36701.03125,36351.76953125,36467.12109375,18700.0,2,0.728244024351945
2019-01-22,36444.640625,36650.46875,36282.9296875,36649.921875,17300.0,1,0.7641743563116755
2019-01-23,36108.46875,36521.46875,36037.8984375,36494.12109375,14300.0,1,0.9983530670531755
2019-01-24,36195.1015625,36258.28125,35996.6796875,36146.55078125,23100.0,2,0.8986965308846335
2019-01-25,36025.5390625,36474.48046875,35953.1484375,36245.76953125,23000.0,1,0.9996167201107893
2019-01-28,35656.69921875,36124.26171875,35565.1484375,36099.62109375,15000.0,1,0.9999873623532127
2019-01-29,35592.5,35734.140625,35375.51171875,35716.71875,16670300.0,0,1.0
2019-01-30,35591.25,35850.41015625,35490.96875,35819.671875,18974200.0,0,1.0
2019-01-31,36256.69140625,36278.12890625,35740.0703125,35805.51171875,18611400.0,0,1.0
2019-02-01,36469.4296875,36778.140625,36221.3203125,36311.73828125,31815100.0,0,1.0
2019-02-04,36582.73828125,36622.76953125,36225.48046875,36456.21875,15600.0,1,0.9809720025992454
2019-02-05,36616.80859375,36727.828125,36495.828125,36573.0390625,14104800.0,0,1.0
2019-02-06,36975.23046875,37005.25,36680.87890625,36714.5390625,13931600.0,0,1.0
2019-02-07,36971.08984375,37172.1796875,36898.80078125,37026.55859375,14600.0,2,0.83090986645971
2019-02-08,36546.48046875,36885.578125,36480.62109375,36873.58984375,21600.0,1,0.894326020169774
2019-02-11,36395.03125,36588.41015625,36300.48046875,36585.5,19200.0,2,0.758546483419872
2019-02-12,36153.62109375,36465.3984375,36113.91015625,36405.71875,12200.0,1,0.5549657900721281
2019-02-14,35876.21875,36109.1015625,35799.421875,36065.078125,32500.0,2,0.9364651833927847
2019-02-15,35808.94921875,36022.5703125,35510.96875,35985.6796875,23000.0,1,0.9997939116710597
2019-02-18,35498.44140625,35912.44140625,35470.76171875,35831.1796875,15900.0,1,0.9879808218928935
2019-02-19,35352.609375,35776.0390625,35287.16015625,35543.23828125,10100.0,1,0.9994202382200901
2019-02-20,35756.26171875,35797.109375,35469.48828125,35564.9296875,12500.0,1,0.6063396740942236
2019-02-21,35898.3515625,35983.0703125,35707.2890625,35837.0,11400.0,2,0.9034995870673215
2019-02-22,35871.48046875,35941.69140625,35795.7890625,35906.01171875,18400.0,2,0.7608474580405182
2019-02-25,36213.37890625,36242.1796875,35901.05859375,35983.80078125,11800.0,1,0.8471870429114893
2019-02-26,35973.7109375,36172.51953125,35714.16015625,35975.75,17900.0,1,0.763240715150375
2019-02-27,35905.4296875,36371.109375,35735.328125,36138.828125,19300.0,1,0.9999925501431975
2019-02-28,35867.44140625,36085.8515625,35829.1484375,36025.71875,11900.0,2,0.8609116483323077
2019-03-01,36063.80859375,36140.671875,35952.41015625,36018.48828125,16700.0,2,0.873744338648619
2019-03-05,36442.5390625,36457.44140625,35926.94140625,36141.0703125,21200.0,1,0.9999947442183736
2019-03-06,36636.1015625,36666.46875,36456.8203125,36544.859375,15900.0,2,0.8121737424518375
2019-03-07,36725.421875,36830.25,36590.87890625,36744.01953125,16800.0,2,0.916843391994501
2019-03-08,36671.4296875,36753.58984375,36592.9296875,36753.58984375,14600.0,2,0.6658093191229666
2019-03-11,37054.1015625,37106.19140625,36726.390625,36741.5703125,14400.0,1,0.993834757480093
2019-03-12,37535.66015625,37586.62890625,37230.8515625,37249.6484375,19500.0,1,0.9615557069903715
2019-03-13,37752.171875,37797.2890625,37478.87109375,37608.2890625,21000.0,2,0.5974771352172129
2019-03-14,37754.890625,37907.78125,37693.69140625,37840.640625,15600.0,2,0.8401939784051369
2019-03-15,38024.3203125,38254.76953125,37760.23046875,37760.23046875,16300.0,1,0.9999901373319717
2019-03-18,38095.0703125,38369.58984375,37952.1015625,38132.9609375,15900.0,1,0.7635455360915347
2019-03-19,38363.46875,38396.05859375,38078.23046875,38218.58984375,15100.0,1,0.6358442342126339
2019-03-20,38386.75,38489.80859375,38316.2109375,38433.859375,15600.0,2,0.7183484189343257
2019-03-22,38164.609375,38564.7109375,38089.359375,38452.46875,18200.0,1,0.9840422128873053
2019-03-25,37808.91015625,38016.76171875,37667.3984375,38016.76171875,17000.0,1,0.6610568322756695
2019-03-26,38233.41015625,38297.69921875,37800.078125,37886.2890625,14600.0,1,0.9999825627099881
2019-03-27,38132.87890625,38475.9296875,38001.33984375,38372.03125,18800.0,1,0.9299418288124038
2019-03-28,38545.71875,38593.6484375,38148.44140625,38208.30078125,16000.0,1,0.999695905130792
2019-04-01,38871.87109375,39115.5703125,38808.73828125,38858.87890625,19800.0,1,0.9341858854864807
2019-04-02,39056.6484375,39121.69140625,38846.9609375,38988.5703125,19700.0,2,0.7917408554735018
2019-04-03,38877.12109375,39270.140625,38826.55859375,39167.05078125,17000.0,1,0.9724046528709929
2019-04-04,38684.71875,38939.3515625,38581.0390625,38935.75,13000.0,1,0.7189895202956399
2019-04-05,38862.23046875,38958.6015625,38701.0390625,38839.51953125,15900.0,2,0.8598020596626834
2019-04-08,38700.53125,39041.25,38520.9609375,38993.6015625,10500.0,1,0.9990105775445763
2019-04-09,38939.21875,38978.98828125,38598.71875,38730.9296875,15100.0,1,0.9439317845524035
2019-04-10,38585.3515625,38950.44921875,38542.28125,38898.6015625,16200.0,1,0.9313106642905374
2019-04-11,38607.01171875,38649.98046875,38460.25,38621.578125,14500.0,2,0.5168425850875948
2019-04-12,38767.109375,38818.87109375,38554.7890625,38692.05859375,17000.0,2,0.7395301027191246
2019-04-15,38905.83984375,38976.578125,38780.078125,38805.5390625,20900.0,2,0.63190088355599
2019-04-16,39275.640625,39364.33984375,39038.80859375,39040.30078125,14400.0,1,0.9383686964162715
2019-04-18,39140.28125,39487.44921875,39083.16015625,39420.0390625,14600.0,1,0.8760191169554833
2019-04-22,38645.1796875,39158.21875,38585.6484375,39158.21875,14900.0,1,0.9999957805552105
2019-04-23,38564.87890625,38832.609375,38518.26171875,38771.26953125,11600.0,2,0.6166968901596673
2019-04-24,39054.6796875,39095.3515625,38571.0,38672.62890625,15200.0,1,0.9999959197452564
2019-04-25,38730.859375,39262.21875,38663.98046875,39101.78125,14400.0,1,0.9999942486570774
2019-04-26,39067.328125,39103.16015625,38765.328125,38865.828125,17300.0,1,0.77839792215295
2019-04-30,39031.55078125,39105.87890625,38753.4609375,39056.921875,30900.0,1,0.8295959166278174
2019-05-02,38981.4296875,39189.94921875,38882.98828125,39036.51171875,26200.0,2,0.8893946322875199
2019-05-03,38963.26171875,39172.76171875,38920.171875,39009.55078125,14800.0,1,0.5360000882853716
2019-05-06,38600.33984375,38719.328125,38509.7890625,38719.328125,13400.0,2,0.6352733796013644
2019-05-07,38276.62890625,38835.5390625,38236.1796875,38815.4609375,15600.0,1,0.9999956313368763
2019-05-08,37789.12890625,38248.5703125,37743.0703125,38244.1796875,13100.0,1,0.9999206033060637
2019-05-09,37558.91015625,37780.4609375,37405.3984375,37747.91015625,15300.0,1,0.5907714825237795
2019-05-10,37462.98828125,37721.98046875,37370.390625,37632.359375,19700.0,2,0.7862029555308355
2019-05-13,37090.8203125,37583.5703125,36999.83984375,37491.30078125,17800.0,1,0.9999863192708673
2019-05-14,37318.53125,37572.69921875,36956.1015625,37146.578125,17700.0,1,0.9999949064424877
2019-05-15,37114.87890625,37559.671875,37047.87109375,37539.05078125,19400.0,1,0.9997364583060133
2019-05-16,37393.48046875,37518.94140625,37052.30078125,37179.12890625,15700.0,1,0.9941063341802596
2019-05-17,37930.76953125,38001.12890625,37415.359375,37494.421875,18800.0,1,0.999994711347307
2019-05-20,39352.671875,39412.55859375,38570.0390625,38701.1796875,26400.0,1,0.999888383898097
2019-05-21,38969.80078125,39571.73046875,38884.8515625,39449.44921875,22700.0,1,0.999993036899634
2019-05-22,39110.2109375,39249.078125,38903.87109375,39086.2109375,15600.0,2,0.7924237537517433
2019-05-23,38811.390625,40124.9609375,38651.609375,39591.76953125,28100.0,0,0.8688959305370355
2019-05-24,39434.71875,39476.96875,38824.26171875,39076.28125,17100.0,1,0.9999927697900873
2019-05-27,39683.2890625,39821.94140625,39353.16015625,39536.23046875,16000.0,1,0.9768604467803796
2019-05-28,39749.73046875,39828.6484375,39498.6484375,39765.640625,15300.0,1,0.810970243548402
2019-05-29,39502.05078125,39767.9296875,39420.5,39714.26953125,12800.0,2,0.5402208510906528
2019-05-30,39831.96875,39911.921875,39500.55859375,39580.28125,17500.0,1,0.9819557995598256
2019-05-31,39714.19921875,40122.33984375,39374.23828125,39998.91015625,17100.0,1,0.999994865142914
2019-06-03,40267.62109375,40308.8984375,39711.01953125,39806.859375,34600.0,1,0.9999449430228114
2019-06-04,40083.5390625,40312.0703125,40031.05078125,40196.0,11900.0,2,0.6343192224720839
2019-06-06,39529.71875,40159.26171875,39481.1484375,40136.4296875,18700.0,1,0.999993671723527
2019-06-07,39615.8984375,39703.1015625,39279.46875,39581.76953125,14800.0,1,0.9899995737728464
2019-06-10,39784.51953125,39979.48046875,39619.96875,39787.328125,16200.0,2,0.7347200421365366
2019-06-11,39950.4609375,40066.30859375,39760.01953125,39900.44921875,14200.0,2,0.7913383051475782
2019-06-12,39756.80859375,39982.1015625,39623.53125,39974.1796875,11700.0,1,0.749717680442102
2019-06-13,39741.359375,39800.80859375,39461.26953125,39679.3515625,21800.0,1,0.6549178657477709
2019-06-14,39452.0703125,39799.8984375,39363.44921875,39797.0,20600.0,1,0.9767233010070313
2019-06-17,38960.7890625,39540.421875,38911.48828125,39514.359375,12700.0,1,0.9999948122679059
2019-06-18,39046.33984375,39167.828125,38870.9609375,39056.98046875,17800.0,2,0.8633063764968056
2019-06-19,39112.73828125,39435.80078125,38881.05078125,39176.55859375,18500.0,1,0.9957350414941911
2019-06-20,39601.62890625,39638.640625,38933.78125,39042.9609375,20100.0,1,0.9999846227415987
2019-06-21,39194.48828125,39617.94921875,39121.30078125,39608.25,15600.0,1,0.9995397697035044
2019-06-24,39122.9609375,39300.01953125,39021.69921875,39160.23046875,11600.0,2,0.8263760315551515
2019-06-25,39434.94140625,39490.640625,38946.0390625,39131.94140625,11300.0,1,0.9999952785740469
2019-06-26,39592.078125,39674.21875,39319.640625,39379.12890625,15000.0,1,0.8632993710627015
2019-06-27,39586.41015625,39817.21875,39510.44140625,39633.96875,13200.0,2,0.5019646559514759
2019-06-28,39394.640625,39675.25,39361.921875,39630.51953125,11200.0,1,0.5519405850697114
2019-07-01,39686.5,39764.8203125,39541.08984375,39543.73046875,10800.0,1,0.6392898208653107
2019-07-02,39816.48046875,39838.48828125,39499.19140625,39811.6796875,14800.0,1,0.9985824376625181
2019-07-03,39839.25,39934.98828125,39732.37890625,39907.5703125,13800.0,2,0.6137090266167211
2019-07-04,39908.05859375,39979.1015625,39858.328125,39917.6484375,14500.0,1,0.7653520913886223
2019-07-05,39513.390625,40032.41015625,39441.37890625,39990.3984375,26000.0,1,0.9999894847092486
2019-07-08,38720.5703125,39476.37890625,38605.48046875,39476.37890625,22000.0,1,0.9999734273540329
2019-07-09,38730.8203125,38814.23046875,38435.87109375,38754.46875,18800.0,1,0.97213498919789
2019-07-10,38557.0390625,38854.8515625,38474.66015625,38701.98828125,14900.0,1,0.5717999659363365
2019-07-11,38823.109375,38892.5,38631.30859375,38751.62109375,14600.0,2,0.8004404366004907
2019-07-12,38736.23046875,39021.83984375,38684.8515625,38941.1015625,12900.0,2,0.5417511258045833
2019-07-15,38896.7109375,39023.96875,38696.6015625,39009.94921875,18000.0,1,0.7460801722033888
2019-07-16,39131.0390625,39173.890625,38845.26953125,38961.859375,25100.0,2,0.5415166914502031
2019-07-17,39215.640625,39284.73046875,39081.140625,39171.1015625,23400.0,2,0.8030910571702299
2019-07-18,38897.4609375,39204.46875,38861.25,39204.46875,24100.0,1,0.7174673743953226
2019-07-19,38337.01171875,39058.73046875,38271.3515625,39058.73046875,19200.0,1,0.999986276133336
2019-07-22,38031.12890625,38333.51953125,37890.3203125,38333.51953125,23000.0,1,0.9703608696669941
2019-07-23,37982.73828125,38217.80859375,37898.8984375,38138.55859375,19300.0,2,0.8356365724392041
2019-07-24,37847.6484375,38102.83984375,37708.41015625,37990.23046875,16600.0,2,0.6605593819720125
2019-07-25,37830.98046875,38169.87109375,37775.51171875,37935.01953125,18000.0,1,0.9719292676889354
2019-07-26,37882.7890625,37978.0703125,37690.46875,37831.1796875,24100.0,2,0.9153056799426939
2019-07-29,37686.37109375,38043.21875,37519.16015625,38043.21875,21100.0,1,0.9997459570056701
2019-07-30,37397.23828125,37950.2109375,37359.03125,37735.5390625,22800.0,1,0.9999901836618013
2019-07-31,37481.12109375,37576.37109375,37128.26171875,37257.55078125,27200.0,1,0.9587566074043918
2019-08-01,37018.3203125,37387.1796875,36694.1796875,37387.1796875,21000.0,1,0.9999895210289023
2019-08-02,37118.21875,37375.16015625,36607.41015625,36920.109375,28100.0,1,0.9999863379875239
2019-08-05,36699.83984375,36844.05078125,36416.7890625,36842.171875,25900.0,1,0.9975985380562391
2019-08-06,36976.8515625,37241.76953125,36536.58984375,36568.03125,25400.0,1,0.9999465162057132
2019-08-07,36690.5,37104.7890625,36610.5703125,37025.26953125,25300.0,1,0.9906180929351809
2019-08-08,37327.359375,37405.48046875,36655.41015625,36808.01171875,24100.0,1,0.9999772451575544
2019-08-09,37581.91015625,37807.55078125,37406.26171875,37521.30078125,27400.0,1,0.6092194193968302
2019-08-13,36958.16015625,37755.16015625,36888.48828125,37755.16015625,28600.0,1,0.999934711740544
2019-08-14,37311.53125,37473.609375,37000.76953125,37233.5,22500.0,1,0.8942430263801268
2019-08-16,37350.328125,37444.44921875,36974.41015625,37383.0,26100.0,1,0.9998963991882105
2019-08-19,37402.48828125,37718.87890625,37358.48828125,37485.921875,17700.0,1,0.9571310526175819
2019-08-20,37328.01171875,37511.55078125,37219.8984375,37441.75,20900.0,2,0.9103028785206853
2019-08-21,37060.37109375,37406.55078125,37022.51953125,37298.73046875,28500.0,1,0.5923285091715059
2019-08-22,36472.9296875,37087.578125,36391.3515625,37087.578125,33100.0,1,0.999956779611006
2019-08-23,36701.16015625,36807.33984375,36102.3515625,36387.6796875,38400.0,1,0.9998412423602082
2019-08-26,37494.12109375,37544.48046875,36492.6484375,37363.94921875,35600.0,0,0.7656754553514941
2019-08-27,37641.26953125,37731.51171875,37449.69140625,37658.48046875,36500.0,2,0.9569041712353378
2019-08-28,37451.83984375,37687.8203125,37249.19140625,37655.76953125,28600.0,1,0.8632407435591645
2019-08-29,37068.9296875,37381.80078125,36987.3515625,37381.80078125,31700.0,1,0.6802878837490371
2019-08-30,37332.7890625,37397.96875,36829.80859375,37222.26171875,33400.0,1,0.999945729181335
2019-09-03,36562.91015625,37188.37890625,36466.01171875,37181.76171875,23600.0,1,0.9999902524035006
2019-09-04,36724.73828125,36776.30859375,36409.5390625,36575.23828125,25600.0,1,0.599639201665584
2019-09-05,36644.421875,36898.98828125,36541.87890625,36821.7109375,27400.0,2,0.8749501200413753
2019-09-06,36981.76953125,37012.98046875,36727.66015625,36785.58984375,23000.0,2,0.627919072500021
2019-09-09,37145.44921875,37244.078125,36784.46875,36969.48046875,25300.0,1,0.962359615292081
2019-09-11,37270.8203125,37343.4609375,37193.5703125,37251.03125,36700.0,2,0.8531125846077137
2019-09-12,37104.28125,37435.1484375,37048.671875,37330.46875,27500.0,2,0.5264692725153406
2019-09-13,37384.98828125,37413.5,37000.08984375,37175.859375,34300.0,1,0.9114184514386581
2019-09-16,37123.30859375,37302.05859375,37028.94140625,37204.55859375,19900.0,2,0.921572576378719
2019-09-17,36481.08984375,37169.55859375,36419.08984375,37169.4609375,20500.0,1,0.9999887129727499
2019-09-18,36563.87890625,36712.98828125,36465.921875,36621.37890625,25400.0,2,0.9473427654103117
2019-09-19,36093.46875,36613.9296875,35987.80078125,36613.9296875,31700.0,1,0.9999786822274739
2019-09-20,38014.62109375,38378.01953125,36085.73828125,36214.921875,61000.0,0,1.0
2019-09-23,39090.03125,39441.12109375,38674.0390625,38844.0,2800.0,1,0.9998559401463347
2019-09-24,39097.140625,39306.37109375,38913.05859375,39135.28125,30600.0,2,0.9200491936661545
2019-09-25,38593.51953125,39087.19921875,38510.96875,39087.19921875,28800.0,1,0.9999833785259148
2019-09-26,38989.73828125,39158.0703125,38676.109375,38700.48046875,33200.0,1,0.9995477513138876
2019-09-27,38822.5703125,39107.37109375,38782.6015625,39003.12890625,39200.0,2,0.9242844426107322
2019-09-30,38667.328125,38873.12109375,38401.08984375,38873.12109375,49000.0,1,0.884309980324356
2019-10-01,38305.41015625,38923.78125,37929.890625,38813.48046875,75400.0,0,0.9999994161311415
2019-10-03,38106.87109375,38310.9296875,37957.55859375,38137.87109375,59200.0,2,0.9993459306029874
2019-10-04,37673.30859375,38403.5390625,37633.359375,38401.48828125,52900.0,1,0.8402517591783818
2019-10-07,37531.98046875,37919.46875,37480.53125,37853.80078125,40400.0,1,0.6036307722374663
2019-10-09,38177.94921875,38209.83984375,37415.828125,37628.05078125,36400.0,1,0.9996393029902232
2019-10-10,37880.3984375,38130.23046875,37802.9296875,38130.23046875,27300.0,2,0.6439925662120056
2019-10-11,38127.078125,38345.41015625,37737.8515625,37994.48046875,39400.0,1,0.9982548944237376
2019-10-14,38214.46875,38513.69140625,38066.12890625,38208.23828125,28500.0,1,0.9457290451899234
2019-10-15,38506.08984375,38635.19140625,38238.26953125,38316.48828125,26200.0,1,0.7788309513938915
2019-10-16,38598.98828125,38666.37890625,38416.671875,38637.05078125,27500.0,2,0.6690212855230756
2019-10-17,39052.05859375,39104.69140625,38557.4296875,38647.44140625,47100.0,1,0.9962083537333231
2019-10-18,39298.37890625,39361.05859375,38963.6015625,39087.828125,42400.0,2,0.8095559461067319
2019-10-22,38963.83984375,39426.46875,38924.8515625,39233.3984375,54500.0,1,0.5686506184943729
2019-10-23,39058.828125,39196.671875,38866.078125,39063.83984375,41000.0,2,0.9906413411423796
2019-10-24,39020.390625,39327.1484375,38840.76171875,39223.01171875,36600.0,2,0.517416581906736
2019-10-25,39058.05859375,39241.609375,38718.26953125,39201.671875,48600.0,1,0.9794717630689446
2019-10-29,39831.83984375,39917.01171875,39254.12109375,39293.48828125,50500.0,1,0.9597665598405736
2019-10-30,40051.87109375,40178.12109375,39805.109375,40055.62890625,37200.0,2,0.9324457139313187
2019-10-31,40129.05078125,40392.21875,40054.890625,40211.98828125,87900.0,0,0.9999589226168034
2019-11-01,40165.03125,40283.30078125,40014.23046875,40196.0703125,57000.0,2,0.9983933177548626
2019-11-04,40301.9609375,40483.2109375,40186.2890625,40293.8515625,62600.0,2,0.9861380196303267
2019-11-05,40248.23046875,40466.55078125,40053.55078125,40445.671875,45400.0,2,0.8611584509613744
2019-11-06,40469.78125,40606.91015625,40037.53125,40311.8515625,37700.0,1,0.9975350639015713
2019-11-07,40653.73828125,40688.26953125,40421.0703125,40625.640625,30200.0,2,0.5009236527336234
2019-11-08,40323.609375,40749.328125,40263.94140625,40630.55859375,42600.0,1,0.7803031021198797
2019-11-11,40345.078125,40417.44140625,40150.96875,40316.5,29500.0,2,0.8693881666157607
2019-11-13,40116.05859375,40447.171875,40061.23046875,40346.4296875,37700.0,2,0.7999984822269449
2019-11-14,40286.48046875,40348.609375,40026.98828125,40178.9296875,27800.0,2,0.757500599024292
2019-11-15,40356.69140625,40650.05859375,40308.08984375,40408.19921875,25800.0,1,0.9382183938736143
2019-11-18,40284.19140625,40542.3984375,40221.96875,40431.078125,28700.0,2,0.8215452084886622
2019-11-19,40469.69921875,40544.12890625,40290.2109375,40455.359375,39100.0,2,0.9598484924290435
2019-11-20,40651.640625,40816.37890625,40575.9609375,40729.80078125,32300.0,2,0.903791170132937
2019-11-21,40575.171875,40744.8515625,40534.12109375,40737.30859375,21800.0,2,0.5164779366279962
2019-11-22,40359.41015625,40653.171875,40276.828125,40653.171875,21700.0,1,0.8204120572968093
2019-11-25,40889.23046875,40931.7109375,40393.8984375,40439.66015625,28600.0,1,0.9999868765008838
2019-11-26,40821.30078125,41120.28125,40710.19921875,41022.8515625,32800.0,2,0.7865706914381129
2019-11-27,41020.609375,41075.76171875,40848.69921875,40979.390625,32400.0,2,0.8486398257605992
2019-11-28,41130.171875,41163.7890625,40996.078125,41161.5390625,30900.0,1,0.7268673712563588
2019-11-29,40793.80859375,41143.21875,40664.1796875,41138.26171875,46700.0,1,0.6364920907097367
2019-12-02,40802.171875,41093.98828125,40707.62890625,41072.94140625,39800.0,2,0.8178122873002494
2019-12-03,40675.44921875,40885.03125,40554.0390625,40852.609375,33700.0,2,0.8815071442297228
2019-12-04,40850.2890625,40886.87109375,40475.828125,40606.01171875,44500.0,2,0.6017337752666168
2019-12-05,40779.58984375,41002.41015625,40720.171875,40988.140625,33000.0,2,0.8096061979381458
2019-12-06,40445.1484375,40952.12890625,40337.53125,40952.12890625,33100.0,1,0.9999646942136476
2019-12-09,40487.4296875,40645.62890625,40336.55859375,40527.23828125,32600.0,2,0.9618996081206992
2019-12-10,40239.87890625,40588.80859375,40208.69921875,40588.80859375,31400.0,1,0.8324218247434615
2019-12-11,40412.5703125,40466.12890625,40135.37109375,40285.19921875,55500.0,2,0.9976538835764895
2019-12-12,40581.7109375,40712.6484375,40490.69140625,40561.33984375,41300.0,2,0.9469496897503653
2019-12-13,41009.7109375,41055.80078125,40736.69921875,40754.8203125,27900.0,1,0.7925550300658741
2019-12-16,40938.71875,41185.03125,40917.9296875,41168.8515625,21600.0,1,0.5660534125265284
2019-12-17,41352.171875,41401.6484375,41005.1796875,41052.359375,19000.0,1,0.9935886084245098
2019-12-18,41558.5703125,41614.76953125,41358.46875,41442.75,24300.0,2,0.6963758576749814
2019-12-19,41673.921875,41719.2890625,41456.3984375,41571.8203125,33300.0,2,0.856356162879939
2019-12-20,41681.5390625,41809.9609375,41636.109375,41746.19921875,33600.0,2,0.6115846536901469
2019-12-23,41642.66015625,41701.62109375,41474.609375,41548.26171875,6200.0,2,0.5224310027229829
2019-12-24,41461.26171875,41702.98046875,41423.0703125,41684.51171875,4400.0,1,0.6015393143606683
2019-12-26,41163.76171875,41543.80078125,41132.890625,41543.80078125,5600.0,1,0.9927923873589523
2019-12-27,41575.140625,41611.26953125,41264.921875,41297.078125,6100.0,1,0.9858442983260309
2019-12-30,41558.0,41714.73046875,41453.37890625,41686.26953125,5700.0,2,0.5817753711383209
2019-12-31,41253.73828125,41607.48828125,41184.73046875,41607.48828125,5600.0,1,0.9896145941073967
2020-01-02,41626.640625,41649.2890625,41328.44921875,41340.26953125,5300.0,1,0.983944331540169
2020-01-03,41464.609375,41636.1796875,41348.6796875,41634.51171875,8900.0,1,0.6254006845777151
2020-01-06,40676.62890625,41378.33984375,40613.9609375,41378.33984375,8700.0,1,0.9999828684231963
2020-01-07,40869.46875,41230.140625,40727.37109375,40983.0390625,11900.0,1,0.9947716827206043
2020-01-08,40817.73828125,40866.359375,40476.55078125,40574.828125,18200.0,1,0.96652897600977
2020-01-09,41452.3515625,41482.12109375,41175.71875,41216.671875,7800.0,1,0.9166757692332488
2020-01-10,41599.71875,41775.109375,41447.80078125,41568.19921875,13200.0,2,0.5781360310090549
2020-01-13,41859.69140625,41899.62890625,41720.76171875,41788.2109375,10600.0,1,0.6529554292591335
2020-01-14,41952.62890625,41994.26171875,41770.8984375,41883.08984375,14100.0,1,0.5424983604882562
2020-01-15,41872.73046875,41969.859375,41648.109375,41969.859375,6100.0,1,0.9737573286919224
2020-01-16,41932.55859375,42059.44921875,41812.28125,41924.73828125,6600.0,2,0.6614675368687921
2020-01-17,41945.37109375,42063.9296875,41850.2890625,41929.01953125,9500.0,2,0.5036590944435754
2020-01-20,41528.91015625,42273.87109375,41503.37109375,42263.0,7500.0,1,0.9999756102581504
2020-01-21,41323.80859375,41532.58984375,41294.30078125,41487.5703125,8900.0,1,0.523080672495903
2020-01-22,41115.37890625,41532.2890625,41059.0390625,41467.12890625,7700.0,1,0.9975241535034289
2020-01-23,41386.3984375,41413.9609375,41098.91015625,41191.5,9900.0,1,0.8561123728588803
2020-01-24,41613.19140625,41697.03125,41275.6015625,41377.0390625,6600.0,1,0.9933460398858741
2020-01-27,41155.12109375,41516.26953125,41122.48046875,41510.6796875,7000.0,1,0.9806914457896633
2020-01-28,40966.859375,41333.25,40869.75,41299.6796875,9800.0,1,0.9926648116697218
2020-01-29,41198.66015625,41334.859375,41108.19140625,41131.5703125,7800.0,1,0.7572195695056446
2020-01-30,40913.8203125,41380.140625,40829.91015625,41380.140625,6700.0,1,0.9999900922461626
2020-01-31,40723.48828125,41154.48828125,40671.01171875,41146.55859375,11500.0,1,0.9996067512665615
2020-02-03,39872.30859375,40014.8984375,39563.0703125,39701.01953125,10600.0,1,0.9827141878681873
2020-02-04,40789.37890625,40818.94140625,40117.4609375,40178.73828125,15300.0,1,0.9999807491109608
2020-02-05,41142.66015625,41177.0,40703.3203125,40921.7109375,13900.0,1,0.9998818663913418
2020-02-06,41306.03125,41405.4296875,41113.109375,41209.12890625,15000.0,2,0.6399148615779121
2020-02-07,41141.8515625,41394.41015625,41073.359375,41394.41015625,15300.0,1,0.6996899521610043
2020-02-10,40979.62109375,41172.05859375,40798.98046875,41166.71875,15200.0,1,0.9045564225221168
2020-02-11,41216.140625,41444.33984375,41179.140625,41183.390625,7700.0,1,0.9939393362783285
2020-02-12,41565.8984375,41671.859375,41330.8515625,41330.8515625,9600.0,1,0.9847098494414807
2020-02-13,41459.7890625,41709.30078125,41338.30859375,41707.2109375,9100.0,1,0.8830593714951465
2020-02-14,41257.73828125,41702.359375,41183.12890625,41510.19140625,9800.0,1,0.9996632267805673
2020-02-17,41055.69140625,41420.33984375,41030.578125,41324.0390625,6900.0,1,0.9532201984601858
2020-02-18,40894.37890625,41042.4609375,40610.94921875,41042.4609375,12300.0,1,0.9996035714695005
2020-02-19,41323.0,41357.16015625,41048.9296875,41121.51171875,5600.0,1,0.8461094961940496
2020-02-20,41170.12109375,41399.9296875,41134.30859375,41334.9609375,8400.0,2,0.5221801960653822
2020-02-24,40363.23046875,41037.01171875,40306.359375,41037.01171875,8100.0,1,0.9999853332035348
2020-02-25,40281.19921875,40536.0,40220.58984375,40497.71875,7300.0,2,0.5111914585466689
2020-02-26,39888.9609375,40255.390625,39760.390625,40194.890625,9000.0,1,0.9954792885636012
2020-02-27,39745.66015625,39947.80078125,39423.26953125,39947.80078125,9600.0,1,0.9999915895591911
2020-02-28,38297.2890625,39087.46875,38219.96875,39087.46875,12700.0,1,0.9999672594703997
2020-03-02,38144.01953125,39083.171875,37785.98828125,38910.94921875,13400.0,1,0.9964228347388124
2020-03-03,38623.69921875,38754.23828125,38142.30078125,38480.890625,10600.0,1,0.9999948122852537
2020-03-04,38409.48046875,38791.69921875,37846.1015625,38715.71875,15300.0,1,0.9997870908397671
2020-03-05,38470.609375,38887.80078125,38386.6796875,38604.25,13500.0,1,0.9998464990705604
2020-03-06,37576.62109375,37747.0703125,37011.08984375,37613.9609375,19000.0,1,0.9999690620076861
2020-03-09,35634.94921875,36950.19921875,35109.1796875,36950.19921875,18800.0,0,0.9998399175004553
2020-03-11,35697.3984375,36021.51171875,35261.921875,35468.8984375,27900.0,1,0.9999757700026148
2020-03-12,32778.140625,34472.5,32493.099609375,34472.5,25200.0,0,0.9999970285591637
2020-03-13,34103.48046875,34769.48046875,29388.970703125,31214.130859375,32600.0,0,1.0
2020-03-16,31390.0703125,33103.23828125,31276.30078125,33103.23828125,18100.0,0,0.9999313636847734
2020-03-17,30579.08984375,32047.98046875,30394.939453125,31611.5703125,21500.0,0,0.9923501728552729
2020-03-18,28869.509765625,31101.76953125,28613.05078125,30968.83984375,31300.0,0,0.9999999999999902
2020-03-19,28288.23046875,29370.529296875,26714.4609375,27773.359375,33200.0,0,1.0
2020-03-20,29915.9609375,30418.19921875,27932.669921875,28460.8203125,32100.0,0,1.0
2020-03-23,25981.240234375,27900.830078125,25880.830078125,27608.80078125,21800.0,0,0.9999999587525248
2020-03-24,26674.029296875,27462.869140625,25638.900390625,27056.23046875,24700.0,0,0.9999132006050855
2020-03-25,28535.779296875,28790.189453125,26359.91015625,26499.810546875,141500.0,0,1.0
2020-03-26,29946.76953125,30099.91015625,28566.33984375,29073.7109375,35000.0,0,0.9981097505793141
2020-03-27,29815.58984375,31126.029296875,29346.990234375,30747.810546875,116900.0,0,1.0
2020-03-30,28440.3203125,29497.5703125,28290.990234375,29226.55078125,23200.0,1,0.9967724455580919
2020-03-31,29468.490234375,29770.880859375,28667.359375,29294.939453125,26400.0,1,0.9991579046214986
2020-04-01,28265.310546875,29505.98046875,28073.4296875,29505.330078125,18000.0,1,0.7836859886137134
2020-04-03,27590.94921875,28639.119140625,27500.7890625,28623.529296875,18900.0,1,0.9985961208018453
2020-04-07,30067.2109375,30157.650390625,28602.310546875,28898.359375,21900.0,0,0.9998342565868656
2020-04-08,29893.9609375,31227.970703125,29602.939453125,29701.919921875,24700.0,0,0.9999999999999982
2020-04-09,31159.619140625,31225.19921875,30420.220703125,30571.189453125,18800.0,1,0.9999450321157608
2020-04-13,30690.01953125,31195.720703125,30474.150390625,31195.720703125,16100.0,1,0.9999908812201503
2020-04-15,30379.810546875,31568.359375,30222.0703125,31277.109375,23600.0,1,0.9606589679736453
2020-04-16,30602.609375,30800.19921875,30016.169921875,30095.509765625,16900.0,1,0.9999402473909688
2020-04-17,31588.720703125,31718.73046875,30960.939453125,31656.6796875,22200.0,1,0.9997121993679582
2020-04-20,31648.0,32056.470703125,31490.259765625,32056.189453125,17200.0,1,0.9999930617037092
2020-04-21,30636.7109375,30900.119140625,30378.259765625,30836.189453125,19700.0,1,0.9994163270509014
2020-04-22,31379.55078125,31471.140625,30578.55078125,30856.140625,21000.0,1,0.9998887113520322
2020-04-23,31863.080078125,31959.01953125,31292.919921875,31646.44921875,24400.0,1,0.9999895382716826
2020-04-24,31327.220703125,31842.240234375,31278.26953125,31426.619140625,17600.0,1,0.9999518815070499
2020-04-27,31743.080078125,32103.69921875,31651.580078125,31659.0390625,12900.0,1,0.9999634055114872
2020-04-28,32114.51953125,32199.91015625,31661.33984375,32101.91015625,15600.0,1,0.9999901709128429
2020-04-29,32720.16015625,32897.58984375,32171.650390625,32311.0390625,16000.0,1,0.999984315038293
2020-04-30,33717.62109375,33887.25,33354.9296875,33381.19140625,21100.0,1,0.9999928585656411
2020-05-04,31715.349609375,32748.140625,31632.01953125,32748.140625,18300.0,1,0.9991293653506471
2020-05-05,31453.509765625,32264.0,31403.5703125,32182.900390625,19200.0,1,0.9999658455246294
2020-05-06,31685.75,31970.83984375,31158.75,31577.630859375,19200.0,1,0.9999896206996342
2020-05-07,31443.380859375,31705.25,31362.869140625,31677.689453125,19900.0,2,0.7600615243808415
2020-05-08,31642.69921875,32088.509765625,31598.0,32083.3203125,15900.0,1,0.9997891087352593
2020-05-11,31561.220703125,32301.580078125,31500.869140625,32030.33984375,18100.0,1,0.9999595322721047
2020-05-12,31371.119140625,31536.890625,30844.66015625,31342.9296875,23100.0,1,0.9999863670130898
2020-05-13,32008.609375,32845.48046875,31901.919921875,32841.87109375,18400.0,1,0.9999325414963043
2020-05-14,31122.890625,31630.939453125,31052.650390625,31466.330078125,15200.0,1,0.9999920108287887
2020-05-15,31097.73046875,31296.279296875,30770.48046875,31296.279296875,13000.0,1,0.9999907505834479
2020-05-18,30028.98046875,31248.259765625,29968.44921875,31248.259765625,19500.0,1,0.9803264467512486
2020-05-19,30196.169921875,30739.9609375,30116.8203125,30450.740234375,18700.0,1,0.999989153876645
2020-05-20,30818.609375,30878.310546875,30157.75,30159.58984375,16100.0,1,0.9999448751406287
2020-05-21,30932.900390625,31188.7890625,30765.3203125,30904.2890625,15500.0,1,0.8856676467151412
2020-05-22,30672.58984375,31107.91015625,30474.880859375,30822.779296875,20600.0,1,0.9999940672393445
2020-05-26,30609.30078125,31086.69921875,30512.140625,30864.26953125,188300.0,0,1.0
2020-05-27,31605.220703125,31660.599609375,30525.6796875,30793.109375,20500.0,1,0.979015243373793
2020-05-28,32200.58984375,32267.23046875,31641.76953125,31827.80078125,27500.0,1,0.9999898721753213
2020-05-29,32424.099609375,32480.51953125,31823.80078125,32041.2890625,37100.0,1,0.9999124999863372
2020-06-01,33303.51953125,33673.828125,32876.55078125,32906.05078125,22900.0,1,0.9996702038696693
2020-06-02,33825.53125,33866.62890625,33301.2890625,33450.19140625,75600.0,0,0.999993937962318
2020-06-03,34109.5390625,34488.69140625,34027.5,34185.41015625,18400.0,1,0.9994350239228186
2020-06-04,33980.69921875,34310.140625,33711.23828125,34072.5,17900.0,1,0.9998089596630649
2020-06-05,34287.23828125,34405.4296875,33958.01953125,34198.55078125,24600.0,1,0.8806914224839915
2020-06-08,34370.578125,34927.80078125,34211.828125,34841.171875,25700.0,1,0.9999921305925243
2020-06-09,33956.69140625,34811.2890625,33881.19140625,34520.7890625,19200.0,1,0.9998636041838627
2020-06-10,34247.05078125,34350.171875,33949.4609375,34029.140625,15500.0,1,0.9309658658596321
2020-06-11,33538.37109375,34219.390625,33480.421875,34214.69140625,20900.0,1,0.9999888682944537
2020-06-12,33780.890625,33856.26953125,32348.099609375,32436.689453125,23000.0,0,0.9998887960911851
2020-06-15,33228.80078125,33670.55078125,32923.73828125,33670.55078125,18400.0,1,0.9999871729786726
2020-06-16,33605.21875,34022.01171875,32953.30078125,33853.71875,27400.0,1,0.9989078173828879
2020-06-17,33507.921875,33933.66015625,33332.9609375,33438.30859375,20200.0,1,0.9999700417041181
2020-06-18,34208.05078125,34276.01171875,33371.51953125,33371.51953125,21200.0,1,0.9991735702457392
2020-06-19,34731.73046875,34848.37109375,34136.390625,34335.37890625,27900.0,1,0.9999833182638437
2020-06-22,34911.3203125,35213.51953125,34794.3984375,34892.03125,25100.0,1,0.9888443002518305
2020-06-23,35430.4296875,35482.16015625,34843.69140625,35015.73046875,25200.0,1,0.9999905272719858
2020-06-24,34868.98046875,35706.55078125,34794.9296875,35679.73828125,26600.0,1,0.9999292971310563
2020-06-25,34842.1015625,35081.609375,34499.78125,34525.390625,24600.0,1,0.9999834157793218
2020-06-26,35171.26953125,35254.87890625,34910.33984375,35144.78125,24800.0,2,0.671401248546549
2020-06-29,34961.51953125,35032.359375,34662.05859375,34926.94921875,18300.0,1,0.8538780049503307
2020-06-30,34915.80078125,35233.91015625,34812.80078125,35168.30078125,18500.0,1,0.7425461369227755
2020-07-01,35414.44921875,35467.23046875,34927.19921875,35009.58984375,19400.0,1,0.9999956379869642
2020-07-02,35843.69921875,36014.921875,35595.359375,35604.0,20600.0,1,0.9985572998429145
2020-07-03,36021.421875,36110.2109375,35872.37890625,36025.37890625,16500.0,2,0.9178511555600639
2020-07-06,36487.28125,36661.66015625,36254.01953125,36313.4609375,22300.0,1,0.9495801167585037
2020-07-07,36674.51953125,36723.26953125,36271.08984375,36660.3515625,20600.0,1,0.9999820779386236
2020-07-08,36329.01171875,36828.4296875,36234.171875,36738.37890625,24800.0,1,0.9999844955990929
2020-07-09,36737.69140625,36806.30078125,36422.30078125,36450.69140625,17400.0,1,0.984612875491311
2020-07-10,36594.328125,36748.890625,36401.109375,36555.12890625,20900.0,2,0.8788880368969881
2020-07-13,36693.69140625,37024.19921875,36533.9609375,36880.66015625,16500.0,1,0.9415322900558895
2020-07-14,36033.05859375,36538.1015625,35877.421875,36517.28125,14100.0,1,0.9999952021893664
2020-07-15,36051.80859375,36810.25,35894.9609375,36314.76171875,23500.0,1,0.9996243976895733
2020-07-16,36471.6796875,36524.62109375,36038.41015625,36401.19921875,18500.0,1,0.9999873767695324
2020-07-17,37020.140625,37125.98046875,36512.921875,36547.75,16500.0,1,0.9999910965553553
2020-07-20,37418.98828125,37478.87109375,37185.78125,37409.03125,20100.0,2,0.5464156815630816
2020-07-21,37930.328125,37990.55078125,37742.05078125,37823.609375,22700.0,2,0.8516849543811854
2020-07-22,37871.51953125,38199.26953125,37601.62109375,38178.0703125,22300.0,1,0.9999936516754137
2020-07-23,38140.46875,38225.03125,37738.58984375,37814.921875,19600.0,1,0.9998881100070055
2020-07-24,38128.8984375,38235.73046875,37748.41015625,37949.58984375,19900.0,1,0.9953374854617092
2020-07-27,37934.73046875,38275.33984375,37769.44140625,38275.33984375,18600.0,1,0.9993783025793548
2020-07-28,38492.94921875,38554.71875,37998.12890625,38052.1796875,15500.0,1,0.9999950319531465
2020-07-29,38071.12890625,38617.03125,37884.41015625,38427.1484375,17600.0,1,0.9999952893239837
2020-07-30,37736.0703125,38413.80859375,37678.421875,38262.828125,14800.0,1,0.9999890811071565
2020-07-31,37606.890625,37897.78125,37431.6796875,37847.87890625,20200.0,1,0.9541262746543402
2020-08-03,36939.6015625,37596.01953125,36911.23046875,37595.73046875,14300.0,1,0.999991672622688
2020-08-04,37687.91015625,37745.6015625,36987.73046875,37092.859375,15100.0,1,0.9999680460916146
2020-08-05,37663.328125,38139.9609375,37550.6015625,37892.359375,19800.0,1,0.9999804358964755
2020-08-06,38025.44921875,38221.3984375,37755.1015625,37946.80078125,16600.0,1,0.9120165097905173
2020-08-07,38040.5703125,38109.6796875,37787.37890625,37951.0703125,15300.0,2,0.6404874237548488
2020-08-10,38182.078125,38430.69140625,38073.2890625,38168.421875,17200.0,1,0.8386784790227237
2020-08-11,38407.01171875,38556.26953125,38313.05859375,38371.33984375,18700.0,2,0.6918318983369851
2020-08-12,38369.62890625,38414.37109375,38125.80859375,38321.12890625,25300.0,2,0.629403463840886
2020-08-13,38310.48828125,38516.8515625,38215.05078125,38456.640625,15400.0,2,0.8304667432796843
2020-08-14,37877.33984375,38540.5703125,37654.921875,38432.94140625,18600.0,1,0.9999852425883048
2020-08-17,38050.78125,38119.37890625,37734.140625,38062.0703125,21500.0,1,0.990044866340351
2020-08-18,38528.3203125,38571.23046875,38062.01171875,38084.69921875,13600.0,1,0.9999951674022266
2020-08-19,38614.7890625,38788.51171875,38550.6484375,38727.890625,12800.0,2,0.8171682940183284
2020-08-20,38220.390625,38402.44921875,38155.78125,38283.8984375,15800.0,2,0.8159595754939685
2020-08-21,38434.71875,38579.828125,38411.37109375,38471.9296875,16800.0,1,0.5532789378671582
2020-08-24,38799.078125,38894.94140625,38545.76171875,38566.9609375,28100.0,1,0.7952445498777796
2020-08-25,38843.87890625,39008.890625,38679.671875,38948.4609375,15700.0,2,0.729357514196845
2020-08-26,39073.921875,39111.55078125,38765.08984375,38930.1796875,16400.0,1,0.804380380614612
2020-08-27,39113.46875,39326.98046875,39046.94140625,39293.53125,14500.0,2,0.7205030240896061
2020-08-28,39467.30859375,39579.578125,39235.03125,39264.48046875,22500.0,1,0.8254049261936487
2020-08-31,38628.2890625,40010.171875,38395.890625,39888.1484375,27900.0,0,0.8298740903166214
2020-09-01,38900.80078125,39226.8203125,38542.109375,38754.0,22000.0,1,0.9999927508334133
2020-09-02,39086.03125,39141.83984375,38736.21875,38892.640625,17100.0,1,0.9579590922652947
2020-09-03,38990.94140625,39236.359375,38943.4296875,39165.80078125,9200.0,2,0.6886701724281239
2020-09-04,38357.1796875,38729.66015625,38249.76953125,38325.0,15400.0,1,0.9999842806441345
2020-09-07,38417.23046875,38519.921875,38060.73828125,38284.78125,12500.0,1,0.988329269052554
2020-09-08,38365.3515625,38746.48046875,38275.44921875,38498.0703125,11900.0,1,0.9968481727080456
2020-09-09,38193.921875,38252.671875,37935.26171875,37988.55859375,14000.0,1,0.6816018163937503
2020-09-10,38840.3203125,38878.25,38367.0703125,38516.87890625,16500.0,1,0.9999898356296992
2020-09-11,38854.55078125,38978.51953125,38711.80078125,38865.171875,11400.0,2,0.8731074478121894
2020-09-14,38756.62890625,39230.16015625,38573.171875,39073.51171875,14700.0,1,0.9999961910304722
2020-09-15,39044.3515625,39102.25,38753.6796875,38904.671875,11600.0,1,0.7149812297358985
2020-09-16,39302.8515625,39359.51171875,39037.9609375,39161.01171875,11700.0,1,0.5544033678385979
2020-09-17,38979.8515625,39234.80859375,38926.33984375,39120.640625,11400.0,2,0.6480308140420216
2020-09-18,38845.8203125,39200.421875,38635.73046875,39200.421875,14300.0,1,0.999991073686077
2020-09-21,38034.140625,38990.76171875,37938.53125,38812.69140625,15800.0,1,0.9997480506272897
2020-09-22,37734.078125,38209.96875,37531.140625,38200.7109375,15300.0,1,0.9999949005761489
2020-09-23,37668.421875,38140.0703125,37313.08984375,38124.94140625,15000.0,1,0.999976628905508
2020-09-24,36553.6015625,37304.26171875,36495.98046875,37282.1796875,13900.0,1,0.9999806627813057
2020-09-25,37388.66015625,37471.171875,36730.51953125,36991.890625,13500.0,1,0.9999841314923789
2020-09-28,37981.62890625,38035.87109375,37544.05078125,37756.25,13600.0,1,0.9998854961315641
2020-09-29,37973.21875,38235.94140625,37831.3515625,38176.859375,10600.0,1,0.6867580877129873
2020-09-30,38067.9296875,38236.33984375,37828.109375,38068.890625,18400.0,2,0.5857969533934565
2020-10-01,38697.05078125,38738.890625,38410.19921875,38410.19921875,12900.0,1,0.9692916124039485
2020-10-05,38973.69921875,39263.8515625,38819.890625,38956.78125,15500.0,1,0.9853839134267904
2020-10-06,39574.5703125,39623.76171875,39191.1015625,39336.33984375,11300.0,1,0.9965624955634671
2020-10-07,39878.94921875,39968.0390625,39450.8203125,39633.19140625,15000.0,1,0.9999025730629528
2020-10-08,40182.671875,40468.87890625,40062.23046875,40204.3203125,14400.0,1,0.9419548820190031
2020-10-09,40509.48828125,40585.359375,40066.5390625,40226.25,16600.0,1,0.9999601212762352
2020-10-12,40593.80078125,40905.48828125,40387.3984375,40716.94921875,17600.0,1,0.967088757780762
2020-10-13,40625.51171875,40786.8203125,40461.96875,40592.5390625,11000.0,2,0.6900000612138704
2020-10-14,40794.73828125,40880.25,40279.55078125,40623.19140625,15000.0,1,0.9999952862376813
2020-10-15,39728.41015625,41048.05078125,39667.46875,41048.05078125,30400.0,1,0.8366333431159415
2020-10-16,39982.98046875,40125.7109375,39699.421875,39936.609375,11000.0,1,0.8359476884383079
2020-10-19,40431.6015625,40519.48046875,40211.21875,40318.5703125,12300.0,2,0.6056766276356302
2020-10-20,40544.37109375,40732.01171875,40305.58984375,40420.2890625,12100.0,1,0.950412100217851
2020-10-21,40707.30859375,40976.01953125,40150.48046875,40767.140625,16700.0,1,0.9999813142032319
2020-10-22,40558.48828125,40721.5703125,40309.05078125,40531.30859375,13900.0,1,0.6173375981382468
2020-10-23,40685.5,40811.12109375,40590.8984375,40728.390625,12400.0,2,0.7194643806078974
2020-10-26,40145.5,40724.3984375,39948.2890625,40649.76171875,10100.0,1,0.9999908366299779
2020-10-27,40522.1015625,40555.6015625,39978.390625,40199.078125,13900.0,1,0.9999954885719367
2020-10-28,39922.4609375,40664.3515625,39774.6015625,40664.3515625,29400.0,1,0.9999292934006812
2020-10-29,39749.8515625,40010.828125,39524.25,39537.171875,19500.0,1,0.9999873909786163
2020-10-30,39614.0703125,39988.25,39241.87109375,39779.8203125,12000.0,1,0.9999948806341743
2020-11-02,39757.578125,39968.03125,39334.921875,39880.37890625,15400.0,1,0.9999930273954415
2020-11-03,40261.12890625,40354.73046875,39952.7890625,39990.75,21400.0,1,0.9863829026698704
2020-11-04,40616.140625,40693.51171875,40076.46875,40171.7109375,20900.0,1,0.9999937018162004
2020-11-05,41340.16015625,41370.91015625,41030.171875,41112.12109375,42600.0,2,0.8585630814714541
2020-11-06,41893.05859375,41954.9296875,41383.2890625,41438.76171875,19000.0,1,0.9999948751726973
2020-11-09,42597.4296875,42645.328125,42263.640625,42273.96875,24300.0,1,0.9940713544647988
2020-11-10,43277.6484375,43316.44140625,42660.08984375,42959.25,28700.0,1,0.9999763246488529
2020-11-11,43593.671875,43708.46875,42970.2109375,43444.05859375,30300.0,1,0.9999363293592564
2020-11-12,43357.19140625,43543.9609375,43127.55078125,43291.890625,14500.0,1,0.7935180593300996
2020-11-13,43443.0,43522.25,43053.37109375,43298.921875,24400.0,1,0.9929823413038785
2020-11-17,43952.7109375,44161.16015625,43699.21875,44095.8515625,20900.0,1,0.9781684847520117
2020-11-18,44180.05078125,44215.48828125,43785.78125,43978.578125,18300.0,1,0.9971451575933516
2020-11-19,43599.9609375,44230.0,43518.109375,43902.23828125,24100.0,1,0.9999694991340965
2020-11-20,43882.25,44013.01953125,43453.75,43732.140625,17100.0,1,0.9999364737906576
2020-11-23,44077.1484375,44271.1484375,43747.21875,44164.171875,17800.0,1,0.9994467274590612
2020-11-24,44523.01953125,44601.62890625,44247.12109375,44341.19140625,17900.0,1,0.8587874052377952
2020-11-25,43828.1015625,44825.37109375,43757.96875,44749.73046875,19100.0,1,0.9997579667383332
2020-11-26,44259.73828125,44361.78125,43582.3984375,43967.58984375,14600.0,1,0.9999840904433324
2020-11-27,44149.71875,44407.28125,43995.41015625,44325.03125,15700.0,1,0.7595693129238066
2020-12-01,44655.44140625,44730.7890625,44118.1015625,44435.828125,16000.0,1,0.9999957415453717
2020-12-02,44618.0390625,44729.640625,44169.96875,44729.51953125,16000.0,1,0.9999822931850066
2020-12-03,44632.6484375,44953.01171875,44551.421875,44902.01953125,30700.0,1,0.6126168351494649
2020-12-04,45079.55078125,45148.28125,44665.91015625,44665.91015625,27600.0,1,0.9999791593647084
2020-12-07,45426.96875,45458.921875,45024.46875,45099.921875,18700.0,1,0.9995777084993962
2020-12-08,45608.51171875,45742.23046875,45335.171875,45568.80078125,18200.0,1,0.7958748903438642
2020-12-09,46103.5,46164.1015625,45792.01171875,45891.0390625,20700.0,1,0.9426679487486178
2020-12-10,45959.87890625,46043.96875,45685.87109375,45999.421875,12700.0,1,0.9926292495433636
2020-12-11,46099.01171875,46309.62890625,45706.21875,46060.3203125,26300.0,1,0.9996514893437659
2020-12-14,46253.4609375,46373.33984375,45951.53125,46284.69921875,18400.0,1,0.9886213142498964
2020-12-15,46263.171875,46350.30078125,45841.671875,46287.390625,16400.0,1,0.9999932586189733
2020-12-16,46666.4609375,46704.96875,46402.19921875,46573.30859375,13100.0,1,0.9362320339753131
2020-12-17,46890.33984375,46992.5703125,46627.6015625,46774.3203125,17200.0,1,0.8176887644899433
2020-12-18,46960.69140625,47026.01953125,46630.30859375,47026.01953125,12800.0,1,0.999977123945996
2020-12-21,45553.9609375,47055.69140625,44923.078125,46932.1796875,24400.0,0,0.9999997907949282
2020-12-22,46006.69140625,46080.1796875,45112.19140625,45529.609375,25100.0,1,0.99963407319913
2020-12-23,46444.1796875,46513.3203125,45899.1015625,46072.30078125,10500.0,1,0.9999955070630069
2020-12-24,46973.5390625,47053.3984375,46539.01953125,46743.48828125,13700.0,1,0.9999373342505878
2020-12-28,47353.75,47406.71875,47148.23828125,47153.58984375,9600.0,1,0.9811513513923518
2020-12-29,47613.078125,47714.55078125,47361.8984375,47466.62109375,12800.0,1,0.9217619103647854
2020-12-30,47746.21875,47807.8515625,47358.359375,47789.03125,15600.0,1,0.9999922037952185
2020-12-31,47751.328125,47896.96875,47602.12109375,47753.109375,13900.0,1,0.7077141434401174
2021-01-01,47868.98046875,47984.359375,47771.1484375,47785.28125,82700.0,0,0.9999977334023055
2021-01-04,48176.80078125,48220.46875,47594.46875,48109.171875,13900.0,1,0.9999740472609298
2021-01-05,48437.78125,48486.23828125,47903.37890625,48037.62890625,12200.0,1,0.9999964469315817
2021-01-06,48174.05859375,48616.66015625,47864.140625,48616.66015625,22500.0,1,0.9999872970643731
2021-01-07,48093.3203125,48558.33984375,48037.87109375,48524.359375,18400.0,1,0.9999055699010254
2021-01-08,48782.51171875,48854.33984375,48365.578125,48464.91015625,22200.0,1,0.9998643998376321
2021-01-11,49269.3203125,49303.7890625,48956.37890625,49252.30859375,21200.0,1,0.998806164548155
2021-01-12,49517.109375,49569.140625,49079.5703125,49228.26171875,12700.0,1,0.9999701345846514
2021-01-13,49492.3203125,49795.19140625,49073.8515625,49763.9296875,27200.0,1,0.9999625133690164
2021-01-14,49584.16015625,49663.578125,49182.37109375,49432.828125,24500.0,1,0.9977972904797895
2021-01-15,49034.671875,49656.7109375,48795.7890625,49656.7109375,14700.0,1,0.9999869909470308
2021-01-18,48564.26953125,49122.23046875,48403.96875,49061.21875,16600.0,1,0.9999961361554743
2021-01-19,49398.2890625,49499.859375,48805.5390625,48900.30859375,11000.0,1,0.999990092842208
2021-01-20,49792.12109375,49874.421875,49373.6796875,49508.7890625,12200.0,1,0.9999630699656392
2021-01-21,49624.76171875,50184.01171875,49398.859375,50096.5703125,19300.0,1,0.9999945807092284
2021-01-22,48878.5390625,49676.87890625,48832.078125,49594.94921875,18400.0,1,0.9999806458017199
2021-01-25,48347.58984375,49263.1484375,48274.921875,49253.6796875,15500.0,1,0.999927304652844
2021-01-27,47409.9296875,48387.25,47269.6015625,48385.28125,19600.0,1,0.9996766676530165
2021-01-28,46874.359375,47172.01953125,46518.48046875,46834.5703125,25000.0,1,0.9999457773645763
2021-01-29,46285.76953125,47423.66015625,46160.4609375,47423.46875,14500.0,1,0.9958901470233824
2021-02-01,48600.609375,48764.3984375,46433.6484375,46617.94921875,22000.0,0,1.0
2021-02-02,49797.71875,50154.48046875,49193.26171875,49193.26171875,28400.0,1,0.991116862618415
2021-02-03,50255.75,50526.390625,49515.87890625,50231.05859375,22400.0,1,0.9997909234857062
2021-02-04,50614.2890625,50687.51171875,49926.44921875,50212.25,33600.0,1,0.9998674280988097
2021-02-05,50731.62890625,51073.26953125,50565.2890625,51031.390625,32200.0,1,0.9765694189214106
2021-02-08,51348.76953125,51523.37890625,51146.671875,51146.671875,20600.0,1,0.9995431975651371
2021-02-09,51329.078125,51835.859375,51193.9296875,51484.23046875,21200.0,1,0.9999884189938435
2021-02-10,51309.390625,51512.859375,50846.21875,51355.890625,16000.0,1,0.9999956381162611
2021-02-11,51531.51953125,51592.44921875,51157.30859375,51165.83984375,12100.0,1,0.9999889196116427
2021-02-12,51544.30078125,51804.578125,51260.62109375,51614.76953125,15100.0,1,0.9969805773019518
2021-02-15,52154.12890625,52235.96875,51886.4609375,51907.75,14700.0,1,0.9984782991232375
2021-02-16,52104.171875,52516.76171875,51863.609375,52400.03125,21100.0,1,0.9999881971483703
2021-02-17,51703.828125,52078.1484375,51586.33984375,51996.94140625,13600.0,1,0.9977705645453615
2021-02-18,51324.69140625,51903.9609375,51186.6796875,51903.9609375,18200.0,1,0.9999948416090604
2021-02-19,50889.76171875,51432.98828125,50624.328125,51238.01953125,15000.0,1,0.9999959210584441
2021-02-22,49744.3203125,50986.03125,49617.37109375,50910.51171875,16300.0,1,0.9810758885185584
2021-02-23,49751.41015625,50327.30859375,49659.8515625,49994.8515625,14900.0,1,0.9999878760016715
2021-02-24,50781.69140625,50881.171875,49648.78125,49763.94140625,45900.0,0,0.973846157753579
2021-02-25,51039.30859375,51386.12109375,50991.76171875,51207.609375,33500.0,1,0.9114517323986696
2021-02-26,49099.98828125,50400.30859375,48890.48046875,50256.7109375,23100.0,1,0.8254350881284497
2021-03-01,49849.83984375,50058.421875,49440.4609375,49747.7109375,18400.0,1,0.9999717035928439
2021-03-02,50296.890625,50439.8203125,49807.12109375,50258.08984375,17500.0,1,0.9999952474754724
2021-03-03,51444.6484375,51539.890625,50512.83984375,50738.2109375,15800.0,1,0.9994842289627651
2021-03-04,50846.078125,51256.55078125,50539.921875,50812.140625,21800.0,1,0.9999917210394069
2021-03-05,50405.3203125,50886.19140625,50160.5390625,50517.359375,19200.0,1,0.9999940912238141
2021-03-08,50441.0703125,50985.76953125,50318.26171875,50654.01953125,14200.0,1,0.9999916906905789
2021-03-09,51025.48046875,51111.94140625,50396.1015625,50714.16015625,12200.0,1,0.9999933780211074
2021-03-10,51279.51171875,51430.4296875,51048.9296875,51404.6796875,9300.0,1,0.997478298835118
2021-03-12,50792.078125,51821.83984375,50538.4296875,51660.98046875,12200.0,1,0.9983864154258827
2021-03-15,50395.078125,50834.78125,49799.0703125,50773.46875,17600.0,1,0.9995660302692129
2021-03-16,50363.9609375,50857.98046875,50289.44140625,50608.421875,100.0,1,0.9999803849058883
2021-03-17,49801.62109375,50561.12109375,49718.6484375,50436.01953125,100.0,1,0.9999286077328755
2021-03-18,49216.51953125,50296.3515625,48962.359375,50161.25,12600.0,1,0.9954078452094587
2021-03-19,49858.23828125,50003.578125,48586.9296875,48881.19140625,17500.0,0,0.8275473014241267
2021-03-22,49771.2890625,49878.76953125,49281.01953125,49878.76953125,11600.0,1,0.9999726738534834
2021-03-23,50051.44140625,50264.6484375,49661.921875,49876.2109375,13400.0,1,0.999990216979472
2021-03-24,49180.30859375,49854.578125,49120.33984375,49786.46875,9200.0,1,0.999992161167956
2021-03-25,48440.12109375,49247.94921875,48236.3515625,49201.98046875,14300.0,1,0.99995111183955
2021-03-26,49008.5,49234.66015625,48699.91015625,48969.25,10600.0,1,0.9978918138985768
2021-03-30,50136.578125,50268.44921875,49331.6796875,49331.6796875,10500.0,1,0.9989644602510717
2021-03-31,49509.1484375,50050.3203125,49442.5,50049.12109375,11900.0,1,0.9999966640298997
2021-04-01,50029.828125,50092.48046875,49478.53125,49868.53125,8500.0,1,0.9999925721651938
2021-04-05,49159.3203125,50028.671875,48580.80078125,50020.91015625,12700.0,1,0.751082849704062
2021-04-06,49201.390625,49582.26171875,48936.3515625,49441.12890625,9600.0,1,0.9999946181016168
2021-04-07,49661.76171875,49900.12890625,49093.8984375,49277.08984375,9800.0,1,0.9999807195058799
2021-04-08,49746.2109375,50118.078125,49581.609375,49885.26171875,21800.0,1,0.9935500239803713
2021-04-09,49591.3203125,49906.91015625,49461.01171875,49743.390625,8900.0,1,0.9750488853971513
2021-04-12,47883.37890625,48956.6484375,47693.44140625,48956.6484375,19100.0,1,0.9974064393834353
2021-04-13,48544.05859375,48627.4296875,47775.3203125,47991.53125,10000.0,1,0.9999508241640506
2021-04-15,48803.6796875,48887.8515625,48010.55078125,48512.76953125,16100.0,1,0.9999165033579166
2021-04-16,48832.03125,49089.55078125,48694.48828125,48935.73828125,11900.0,1,0.8646705546909979
2021-04-19,47949.421875,48020.7890625,47362.7109375,47940.80859375,10500.0,1,0.9999514526593213
2021-04-20,47705.80078125,48478.33984375,47438.5,48473.0390625,11600.0,1,0.9998986985074867
2021-04-22,48080.671875,48143.16015625,47204.5,47501.7109375,15800.0,1,0.9998627535661948
2021-04-23,47878.44921875,48265.390625,47669.55078125,47863.80859375,11200.0,1,0.9999931901371153
2021-04-26,48386.51171875,48667.98046875,48152.23828125,48197.37109375,15200.0,1,0.9999916239196517
2021-04-27,48944.140625,49009.26171875,48399.53125,48424.078125,10100.0,1,0.9999919136527149
2021-04-28,49733.83984375,49801.48046875,49066.640625,49066.640625,14300.0,1,0.9999691028285199
2021-04-29,49765.94140625,50375.76953125,49535.98046875,50093.859375,13200.0,1,0.9999924018449796
2021-04-30,48782.359375,49569.421875,48698.078125,49360.890625,19400.0,1,0.9999729198678362
2021-05-03,48718.51953125,48863.23046875,48028.0703125,48356.01171875,14700.0,1,0.9999849328200058
2021-05-04,48253.51171875,48996.53125,48149.44921875,48881.62890625,13200.0,1,0.9999872787901833
2021-05-05,48677.55078125,48742.71875,48254.3203125,48569.12109375,12700.0,1,0.9999726273787688
2021-05-06,48949.76171875,49011.30859375,48614.109375,48877.78125,9500.0,1,0.9979537142399626
2021-05-10,49502.41015625,49617.46875,49412.05078125,49496.05078125,12200.0,1,0.9720602469983592
2021-05-11,49161.80859375,49304.46875,48988.1796875,49066.44921875,15000.0,1,0.9304383795176766
2021-05-12,48690.80078125,49171.28125,48550.71875,49171.28125,17400.0,1,0.9999966027430578
2021-05-14,48732.55078125,48898.9296875,48473.4296875,48898.9296875,18200.0,1,0.9992919712267795
2021-05-17,49580.73046875,49628.421875,48923.12890625,48990.69921875,20600.0,1,0.9999844426044803
2021-05-18,50193.328125,50313.25,49959.19921875,49986.6796875,14400.0,1,0.9959742651967277
2021-05-19,49902.640625,50279.01171875,49831.3984375,50088.80859375,13300.0,1,0.9967258643866469
2021-05-20,49564.859375,50099.171875,49496.78125,49971.51953125,8300.0,1,0.9999954503503286
2021-05-21,50540.48046875,50591.12109375,49832.71875,49833.98046875,18100.0,1,0.9999579366820975
2021-05-24,50651.8984375,50857.58984375,50465.8984375,50727.28125,16800.0,1,0.8321183768685539
2021-05-25,50637.53125,50961.3515625,50474.33984375,50922.3203125,10800.0,1,0.9987474530726677
2021-05-26,51017.51953125,51072.609375,50620.44921875,50899.578125,9400.0,1,0.9999199032017595
2021-05-27,51115.21875,51282.8984375,50891.66015625,51128.80078125,12300.0,1,0.9203726072355066
2021-05-28,51422.87890625,51529.3203125,51258.69140625,51381.26953125,15200.0,1,0.9407705975214786
2021-05-31,51937.44140625,52013.21875,51179.94140625,51476.21875,15300.0,1,0.9999781212210829
2021-06-01,51934.87890625,52228.6484375,51808.87890625,52067.51171875,13400.0,1,0.9642085033575386
2021-06-02,51849.48046875,51913.921875,51450.578125,51749.1015625,13500.0,1,0.9999216842647679
2021-06-03,52232.4296875,52273.23046875,51942.19921875,52121.578125,15000.0,1,0.992187792740155
2021-06-04,52100.05078125,52389.01953125,51952.69921875,52367.51953125,16700.0,1,0.9942951894271184
2021-06-07,52328.51171875,52378.69140625,52054.76171875,52231.37890625,19800.0,1,0.978125224494173
2021-06-08,52275.5703125,52432.4296875,52135.0390625,52428.71875,12300.0,1,0.9914046002183196
2021-06-09,51941.640625,52446.921875,51717.0703125,52401.41015625,15200.0,1,0.9999963290269566
2021-06-10,52300.46875,52346.3515625,51957.921875,52143.8984375,8600.0,1,0.9986749658304633
2021-06-11,52474.76171875,52641.53125,52388.94921875,52477.19140625,8500.0,1,0.9926187978554081
2021-06-14,52551.53125,52590.921875,51936.30859375,52492.33984375,9900.0,1,0.9999521085763419
2021-06-15,52773.05078125,52869.51171875,52671.2890625,52751.828125,16300.0,1,0.9944431872522078
2021-06-16,52501.98046875,52816.30859375,52425.5703125,52782.2109375,12900.0,1,0.9926302410633147
2021-06-17,52323.328125,52523.87890625,52040.51171875,52122.25,8900.0,1,0.9999513797605638
2021-06-18,52344.44921875,52586.41015625,51601.109375,52568.0703125,11800.0,1,0.9929672923913322
2021-06-21,52574.4609375,52629.1796875,51740.19140625,51887.55078125,12500.0,1,0.9999079008307236
2021-06-22,52588.7109375,53057.109375,52520.55078125,52885.0390625,7700.0,1,0.9999736727119403
2021-06-23,52306.078125,52912.3515625,52264.12109375,52912.3515625,13600.0,1,0.999995875620547
2021-06-24,52699.0,52830.6796875,52385.05078125,52514.5703125,7900.0,1,0.9988929139220223
2021-06-25,52925.0390625,52973.0703125,52614.48828125,52877.16015625,10700.0,1,0.9993359234279022
2021-06-28,52735.58984375,53126.73046875,52673.5,53126.73046875,6200.0,1,0.9998562069043411
2021-06-29,52549.66015625,52816.421875,52477.76953125,52795.76171875,9200.0,1,0.9914041422730205
2021-06-30,52482.7109375,52875.921875,52448.640625,52651.08984375,9500.0,1,0.9998940059434668
2021-07-01,52318.6015625,52638.5,52281.01171875,52638.5,5800.0,1,0.9981643042213614
2021-07-02,52484.671875,52527.8984375,52177.6796875,52434.55078125,6400.0,1,0.9994520483367403
2021-07-05,52880.0,52919.171875,52604.3515625,52682.890625,7600.0,1,0.9972034353916837
2021-07-06,52861.1796875,53129.37109375,52804.1796875,52874.8515625,7000.0,1,0.9997662647754226
2021-07-07,53054.76171875,53105.41015625,52751.76171875,52919.7109375,8000.0,1,0.9968681954039583
2021-07-08,52568.94140625,53103.03125,52428.83984375,53065.69140625,6400.0,1,0.9999958157648301
2021-07-09,52386.19140625,52555.73046875,52228.01171875,52508.23828125,6400.0,1,0.98278248211349
2021-07-12,52372.69140625,52700.51171875,52208.9609375,52634.328125,24900.0,1,0.983560938430816
2021-07-13,52769.73046875,52806.859375,52545.6796875,52694.890625,7900.0,1,0.9954400924004436
2021-07-14,52904.05078125,52978.578125,52611.96875,52801.44140625,9300.0,1,0.9935644657956858
2021-07-15,53158.8515625,53266.12109375,52948.4296875,52968.890625,8100.0,1,0.9988175065175159
2021-07-16,53140.05859375,53290.80859375,52997.08984375,53244.3984375,6700.0,1,0.9878840295824198
2021-07-19,52553.3984375,52821.171875,52405.890625,52606.98828125,23800.0,1,0.8884423074752499
2021-07-20,52198.51171875,52465.03125,52013.51171875,52432.87890625,8000.0,1,0.9984329973160079
2021-07-22,52837.2109375,52867.26171875,52471.23046875,52494.55859375,8300.0,1,0.9999703367497086
2021-07-23,52975.80078125,53114.69921875,52653.76953125,52967.87109375,12100.0,1,0.9983000690614097
2021-07-26,52852.26953125,53103.421875,52783.62890625,52985.26171875,20900.0,1,0.9501179572486206
2021-07-27,52578.76171875,53024.69921875,52433.1796875,52995.71875,6300.0,1,0.9999961227505069
2021-07-28,52443.7109375,52673.69140625,51802.73046875,52673.69140625,8000.0,1,0.9991689703678993
2021-07-29,52653.0703125,52777.1796875,52561.390625,52693.53125,8800.0,1,0.9926258295406999
2021-07-30,52586.83984375,52910.23046875,52533.91015625,52792.359375,9900.0,1,0.9927905085368028
2021-08-02,52950.62890625,52986.76953125,52804.078125,52901.28125,7900.0,1,0.9985379354982153
2021-08-03,53823.359375,53887.98046875,53088.3515625,53125.96875,8100.0,1,0.9999348359978206
2021-08-04,54369.76953125,54465.91015625,54034.30859375,54071.21875,14600.0,1,0.9999379601713304
2021-08-05,54492.83984375,54717.23828125,54230.890625,54576.640625,15300.0,1,0.9933805074995963
2021-08-06,54277.71875,54633.578125,54210.328125,54492.171875,7200.0,1,0.9983382092437372
2021-08-09,54402.8515625,54584.73046875,54124.26953125,54385.7109375,11500.0,1,0.9920060473369149
2021-08-10,54554.66015625,54779.66015625,54308.76953125,54461.30859375,8700.0,1,0.9991125960112847
2021-08-11,54525.9296875,54758.73828125,54167.19921875,54730.6484375,6500.0,1,0.9999947624055149
2021-08-12,54843.98046875,54874.1015625,54536.6484375,54641.21875,9300.0,1,0.9990946932147006
2021-08-13,55437.2890625,55487.7890625,54905.48828125,54911.94921875,14100.0,1,0.9999947292163038
2021-08-16,55582.578125,55680.75,55281.01953125,55479.73828125,6000.0,1,0.9982646654689075
2021-08-17,55792.26953125,55854.87890625,55386.48828125,55565.640625,6800.0,1,0.9999725213107836
2021-08-18,55629.48828125,56118.5703125,55514.890625,56073.30859375,16100.0,1,0.9999963563879228
2021-08-20,55329.3203125,55543.16015625,55013.98046875,55159.12890625,6800.0,1,0.999975624221648
2021-08-23,55555.7890625,55781.171875,55240.2890625,55695.83984375,7500.0,1,0.9999855879379212
2021-08-24,55958.98046875,56023.21875,55536.83984375,55647.109375,7600.0,1,0.9999949682408352
2021-08-25,55944.2109375,56198.12890625,55899.9609375,56067.05859375,5400.0,1,0.9988872176117594
2021-08-26,55949.1015625,56112.390625,55854.0703125,55988.41015625,8300.0,1,0.9973472803661073
2021-08-27,56124.71875,56188.23046875,55675.87109375,55862.9296875,6000.0,1,0.999996090484537
2021-08-30,56889.76171875,56958.26953125,56309.859375,56329.25,6600.0,1,0.9999889763760151
2021-08-31,57552.390625,57625.26171875,56859.1015625,56995.1484375,11200.0,1,0.9999874452066018
2021-09-01,57338.2109375,57918.7109375,57263.8984375,57763.53125,7300.0,1,0.9999957948071954
2021-09-02,57852.5390625,57892.37109375,57287.7890625,57423.6484375,5100.0,1,0.9999953599474786
2021-09-03,58129.94921875,58194.7890625,57764.0703125,57983.44921875,6100.0,1,0.9999392546641214
2021-09-06,58296.91015625,58515.8515625,58200.2890625,58411.62109375,5600.0,1,0.9984542839394207
2021-09-07,58279.48046875,58553.0703125,58005.0703125,58418.69140625,7400.0,1,0.999908637095726
2021-09-08,58250.26171875,58372.94140625,57924.48046875,58350.55859375,5300.0,1,0.9999954124565061
2021-09-09,58305.0703125,58334.58984375,58084.98828125,58172.98046875,5300.0,1,0.9998468416358526
2021-09-13,58177.76171875,58314.640625,57944.62890625,58262.109375,5600.0,1,0.9997032494973626
2021-09-14,58247.08984375,58482.62109375,58214.2890625,58482.62109375,6700.0,1,0.9998536743523687
2021-09-15,58723.19921875,58777.05859375,58272.8203125,58354.109375,9600.0,1,0.9999977738545772
2021-09-16,59141.16015625,59204.2890625,58700.5,58881.0390625,24700.0,1,0.999933092968377
2021-09-17,59015.890625,59737.3203125,58871.73046875,59409.98046875,13100.0,1,0.9999806722583913
2021-09-20,58490.9296875,59202.55859375,58389.69140625,58634.69140625,17400.0,1,0.9992911964963721
2021-09-21,59005.26953125,59084.51171875,58232.5390625,58630.05859375,9500.0,1,0.9999737569587673
2021-09-22,58927.328125,59178.44140625,58878.37890625,59166.1484375,19200.0,1,0.9992514557596834
2021-09-23,59885.359375,59957.25,59243.1484375,59358.1796875,44600.0,1,0.9846229178720564
2021-09-24,60048.46875,60333.0,59946.55078125,60158.76171875,10900.0,1,0.9991615021516725
2021-09-27,60077.87890625,60412.3203125,59887.19140625,60303.7890625,6200.0,1,0.9998952358387848
2021-09-28,59667.6015625,60288.44140625,59045.53125,60285.890625,21100.0,1,0.98762809156215
2021-09-29,59413.26953125,59678.66015625,59111.41015625,59296.5390625,16100.0,1,0.9999705045561327
2021-09-30,59126.359375,59557.23828125,59019.28125,59549.5703125,8900.0,1,0.9999961709347928
2021-10-01,58765.578125,58890.078125,58551.140625,58889.76953125,10200.0,1,0.9999295068605614
2021-10-04,59299.3203125,59548.8203125,58952.109375,59143.0,10000.0,1,0.9999964627987956
2021-10-05,59744.87890625,59778.87109375,59127.0390625,59320.140625,12900.0,1,0.9999961983409859
2021-10-06,59189.73046875,59963.5703125,59079.859375,59942.0,7000.0,1,0.999984446850479
2021-10-07,59677.828125,59914.91015625,59597.05859375,59632.80859375,5700.0,1,0.9999900671231431
2021-10-08,60059.05859375,60212.30078125,59830.9296875,59960.390625,5700.0,1,0.9995397008798391
2021-10-11,60135.78125,60476.12890625,59811.421875,60099.6796875,42500.0,1,0.9880688984431153
2021-10-12,60284.30859375,60331.73828125,59885.390625,60045.75,6500.0,1,0.9999921509186138
2021-10-13,60737.05078125,60836.62890625,60452.2890625,60619.91015625,8500.0,1,0.9996587805665698
2021-10-14,61305.94921875,61353.25,60978.0390625,61088.8203125,12600.0,1,0.9999328229441264
2021-10-18,61765.58984375,61963.0703125,61624.6484375,61817.3203125,11800.0,1,0.9991441298039428
2021-10-19,61716.05078125,62245.4296875,61594.2890625,62156.48046875,8600.0,1,0.9999978182550017
2021-10-20,61259.9609375,61880.359375,61109.2890625,61800.0703125,48400.0,1,0.8934614123523401
2021-10-21,60923.5,61621.19921875,60485.6484375,61557.94140625,7300.0,1,0.9997930657373904
2021-10-22,60821.62109375,61420.12890625,60551.1484375,61044.5390625,9400.0,1,0.9999911992919338
2021-10-25,60967.05078125,61404.98828125,60449.6796875,61398.75,10500.0,1,0.9998985361096023
2021-10-26,61350.26171875,61497.7109375,60791.2890625,60997.8984375,6700.0,1,0.9999958880086736
2021-10-27,61143.328125,61576.8515625,60989.390625,61499.69921875,8900.0,1,0.9999962807941687
2021-10-28,59984.69921875,61081.0,59777.578125,61081.0,8600.0,1,0.9967440470396965
2021-10-29,59306.9296875,60132.80859375,59089.37109375,59857.328125,9000.0,1,0.9999505928861967
2021-11-01,60138.4609375,60220.2109375,59355.12109375,59577.48046875,7200.0,1,0.9999655318040135
2021-11-02,60029.05859375,60421.140625,59881.75,60360.609375,6000.0,1,0.9999868111174789
2021-11-03,59771.921875,60361.8203125,59552.48828125,60275.2109375,8500.0,1,0.999995679765065
2021-11-04,60067.62109375,60207.96875,60011.4609375,60207.96875,1800.0,1,0.9999838942661545
2021-11-08,60545.609375,60609.16015625,59779.19140625,60385.76171875,7500.0,1,0.9998631934595927
2021-11-09,60433.44921875,60670.46875,60213.640625,60609.71875,6200.0,1,0.9998798035592382
2021-11-10,60352.8203125,60506.5,59967.44921875,60295.26171875,7500.0,1,0.9999895760437773
2021-11-11,59919.69140625,60293.25,59656.26171875,60291.69921875,6200.0,1,0.9999967301423327
2021-11-12,60686.69140625,60750.71875,59997.9609375,60248.0390625,6900.0,1,0.9999911222127651
2021-11-15,60718.7109375,61036.55859375,60597.359375,60837.3984375,7100.0,1,0.999716089650768
2021-11-16,60322.37109375,60802.7890625,60199.55859375,60755.37890625,6300.0,1,0.9999976798268766
2021-11-17,60008.328125,60426.609375,59944.76953125,60179.9296875,19900.0,1,0.9999640257824272
2021-11-18,59636.01171875,60177.51953125,59376.5,59968.75,7800.0,1,0.999996530511368
2021-11-22,58465.890625,59778.37109375,58011.921875,59710.48046875,10600.0,0,0.9782525539039131
2021-11-23,58664.328125,58834.94921875,57718.33984375,57983.94921875,12000.0,1,0.9989003238621769
2021-11-24,58340.98828125,58968.12109375,58143.44140625,58839.3203125,8800.0,1,0.9999949777391878
2021-11-25,58795.08984375,58901.578125,58143.859375,58363.9296875,6800.0,1,0.9999913055626801
2021-11-26,57107.1484375,58254.7890625,56993.890625,58254.7890625,8400.0,1,0.9968779246925215
2021-11-29,57260.578125,57626.51171875,56382.9296875,57028.0390625,8400.0,1,0.9983261147166144
2021-11-30,57064.87109375,58183.76953125,56867.51171875,57272.078125,8100.0,0,0.996567096738874
2021-12-01,57684.7890625,57846.44921875,57346.78125,57365.8515625,11700.0,1,0.9999961814380823
2021-12-02,58461.2890625,58513.9296875,57680.41015625,57781.48046875,8100.0,1,0.9999503936967649
2021-12-03,57696.4609375,58757.08984375,57640.5703125,58555.578125,8500.0,1,0.9993772280645992
2021-12-06,56747.140625,57781.4609375,56687.62109375,57778.01171875,7200.0,1,0.9996586695418096
2021-12-07,57633.6484375,57905.62890625,56992.26953125,57125.98046875,10900.0,1,0.9999102000570153
2021-12-08,58649.6796875,58702.6484375,58122.26953125,58158.55859375,13400.0,1,0.9999960984081642
2021-12-09,58807.12890625,58889.9609375,58340.8515625,58831.41015625,7900.0,1,0.9999922259200626
2021-12-10,58786.671875,58859.91015625,58414.76171875,58696.7109375,5600.0,1,0.999982376607613
2021-12-13,58283.421875,59203.37109375,58242.80078125,59103.71875,5900.0,1,0.9999278527385366
2021-12-14,58117.08984375,58322.421875,57803.87109375,58059.76171875,6800.0,1,0.9997292091589496
2021-12-15,57788.03125,58218.25,57671.609375,58122.0,7600.0,1,0.9999751675563191
2021-12-16,57901.140625,58337.19921875,57683.109375,58243.4296875,5200.0,1,0.9999973735784231
2021-12-17,57011.73828125,58062.28125,56950.98046875,58021.62890625,8600.0,1,0.9996376746757923
2021-12-20,55822.01171875,56538.1484375,55132.6796875,56517.26171875,13300.0,1,0.7802025839214374
2021-12-21,56319.01171875,56900.73828125,56047.21875,56320.01953125,7400.0,1,0.9998963621628588
2021-12-22,56930.55859375,56989.01171875,56471.03125,56599.46875,6100.0,1,0.9999972649625618
2021-12-23,57315.28125,57490.51953125,57146.28125,57251.1484375,6000.0,1,0.9987017379219371
2021-12-24,57124.30859375,57623.69140625,56813.421875,57567.109375,6400.0,1,0.999992686620672
2021-12-27,57420.23828125,57512.01171875,56543.078125,56948.328125,5700.0,1,0.9997995138819684
2021-12-28,57897.48046875,57952.48046875,57650.2890625,57751.2109375,5500.0,1,0.9995433442891455
2021-12-29,57806.48828125,58097.0703125,57684.578125,57892.30859375,5300.0,1,0.9989886803873181
2021-12-30,57794.3203125,58010.03125,57578.98828125,57755.3984375,7300.0,1,0.9982607757158158
2021-12-31,58253.8203125,58409.30078125,57846.51953125,57849.76171875,7000.0,1,0.9999932096106962
2022-01-03,59183.21875,59266.390625,58306.44921875,58310.08984375,8200.0,1,0.9989328326975835
2022-01-04,59855.9296875,59937.328125,59084.3984375,59343.7890625,9100.0,1,0.9999771575341359
2022-01-05,60223.1484375,60332.71875,59661.37890625,59921.98046875,8600.0,1,0.9999970605106567
2022-01-06,59601.83984375,59781.859375,59290.578125,59731.75,6000.0,1,0.999994782302501
2022-01-07,59744.6484375,60130.1796875,59401.44140625,59776.1015625,8300.0,1,0.9999974845316723
2022-01-10,60395.62890625,60427.359375,59987.1796875,60070.390625,7600.0,1,0.9999970394978881
2022-01-11,60616.890625,60689.25,60281.51953125,60342.69921875,6500.0,1,0.9999899455347754
2022-01-12,61150.0390625,61218.19140625,60850.9296875,61014.37109375,6200.0,1,0.999898410353051
2022-01-13,61235.30078125,61348.5703125,60949.80859375,61259.98828125,9300.0,1,0.9999351012613034
2022-01-14,61223.03125,61324.58984375,60757.03125,61040.3203125,6900.0,1,0.9999979907444032
2022-01-17,61308.91015625,61385.48046875,61107.6015625,61219.640625,7600.0,1,0.9998833294757069
2022-01-18,60754.859375,61475.1484375,60662.5703125,61430.76953125,12500.0,1,0.9999932184304043
2022-01-19,60098.8203125,60870.171875,59949.21875,60845.58984375,7000.0,1,0.999982058618789
2022-01-20,59464.62109375,60045.48046875,59068.30859375,60045.48046875,11800.0,1,0.9999550901554177
2022-01-21,59037.1796875,59329.62890625,58620.9296875,59039.37109375,7600.0,1,0.9999978442367061
2022-01-24,57491.51171875,59023.96875,56984.01171875,59023.96875,10800.0,0,0.999997420602055
2022-01-25,57858.1484375,57966.9296875,56409.62890625,57158.62890625,10400.0,0,0.9981302815688896
2022-01-27,57276.94140625,57508.609375,56439.359375,57317.37890625,10300.0,1,0.996567497651143
2022-01-28,57200.23046875,58084.328125,57119.28125,57795.109375,13000.0,1,0.9999103778592872
2022-01-31,58014.171875,58257.62890625,57746.1484375,57845.91015625,7400.0,1,0.999993702755928
2022-02-01,58862.5703125,59032.19921875,57737.66015625,58672.859375,14000.0,1,0.518095817064627
2022-02-02,59558.328125,59618.51171875,59193.05078125,59293.44140625,8500.0,1,0.9999800478539994
2022-02-03,58788.01953125,59557.87109375,58653.94140625,59528.16015625,7100.0,1,0.9999830715986037
2022-02-04,58644.8203125,58943.62109375,58446.94921875,58918.6484375,7300.0,1,0.9999664828913116
2022-02-07,57621.19140625,58707.76171875,57299.05078125,58549.671875,11500.0,1,0.9924005301831782
2022-02-08,57808.578125,57925.8203125,57058.76953125,57799.671875,8900.0,1,0.9995118877790784
2022-02-09,58465.96875,58507.609375,58105.1796875,58163.01171875,5900.0,1,0.9999892634905347
2022-02-10,58926.03125,59060.23828125,58332.28125,58810.53125,6700.0,1,0.9999916036218417
2022-02-11,58152.921875,58447.1484375,57914.1015625,58447.1484375,5700.0,1,0.9999963175078452
2022-02-14,56405.83984375,57191.91015625,56295.69921875,56720.3203125,8300.0,1,0.9996991406520774
2022-02-15,58142.05078125,58211.37890625,56438.46875,56731.55859375,10000.0,0,0.9999998925784448
2022-02-16,57996.6796875,58569.21875,57780.28125,58310.6796875,7300.0,1,0.9999950667341123
2022-02-17,57892.01171875,58346.0,57635.4296875,58217.69140625,6400.0,1,0.9999973487463666
2022-02-18,57832.96875,58175.3515625,57488.390625,57488.390625,9800.0,1,0.9999316680035569
2022-02-21,57683.58984375,58141.9609375,57167.01953125,57551.6484375,6600.0,1,0.9999560767526939
2022-02-22,57300.6796875,57505.8515625,56394.8515625,56438.640625,14100.0,1,0.9883489021237317
2022-02-23,57232.05859375,57733.37109375,57109.23828125,57632.94140625,6200.0,1,0.9999971247740652
2022-02-24,54529.91015625,55996.08984375,54383.19921875,55418.44921875,15600.0,0,0.9941148812881656
2022-02-25,55858.51953125,56183.69921875,55299.28125,55321.71875,9900.0,1,0.9995069198941835
2022-02-28,56247.28125,56324.5390625,54833.5,55329.4609375,7700.0,0,0.988825145984933
2022-03-02,55468.8984375,55755.08984375,55020.1015625,55629.30078125,12400.0,1,0.9999949801863468
2022-03-03,55102.6796875,55996.62109375,54931.48046875,55921.44140625,9900.0,1,0.9999152710162974
2022-03-04,54333.80859375,55013.26953125,53887.71875,54653.58984375,11000.0,1,0.9999317924848845
2022-03-07,52842.75,53203.87109375,52367.1015625,53172.51171875,17100.0,1,0.999969011111299
2022-03-08,53424.08984375,53484.26171875,52260.8203125,52430.05859375,16300.0,1,0.9186851351015851
2022-03-09,54647.328125,54893.73046875,53367.51953125,53793.98828125,14100.0,0,0.9406828860699399
2022-03-10,55464.390625,56242.46875,54982.8203125,56242.46875,9800.0,1,0.9958857609062607
2022-03-11,55550.30078125,55833.94921875,55049.94921875,55218.78125,9700.0,1,0.999986388576331
2022-03-14,56486.01953125,56545.828125,55556.46875,55614.3984375,9100.0,1,0.9987676467931194
2022-03-15,55776.8515625,56720.6015625,55418.94921875,56663.87109375,8100.0,1,0.9971715183458364
2022-03-16,56816.6484375,56860.890625,56389.26171875,56555.328125,6900.0,1,0.999992587266243
2022-03-17,57863.9296875,58095.83984375,57518.05859375,57620.28125,7200.0,1,0.9999958547784856
2022-03-21,57292.48828125,58127.94921875,57229.078125,58030.41015625,6400.0,1,0.9999711323504762
2022-03-22,57989.30078125,58052.87109375,56930.30078125,57297.5703125,7800.0,1,0.9962314054058468
2022-03-23,57684.8203125,58416.55859375,57568.58984375,58198.640625,9100.0,1,0.9999872448022256
2022-03-24,57595.6796875,57827.98828125,57138.51171875,57190.05078125,51400.0,1,0.54773383817798
2022-03-25,57362.19921875,57845.37109375,57100.23828125,57801.71875,6900.0,1,0.9999956371640971
2022-03-28,57593.48828125,57638.33984375,56825.08984375,57472.71875,6300.0,1,0.9996033222610933
2022-03-29,57943.6484375,58001.53125,57639.3515625,57814.76171875,12100.0,1,0.9992829502275024
2022-03-30,58683.98828125,58727.78125,58176.0,58362.8515625,6300.0,1,0.9999973995612014
2022-03-31,58568.51171875,58890.921875,58485.7890625,58779.7109375,4400.0,1,0.9993775286565983
2022-04-01,59276.69140625,59396.62109375,58450.0390625,58530.73046875,6400.0,1,0.9996267849936229
2022-04-04,60611.73828125,60845.1015625,59760.21875,59764.12890625,12600.0,1,0.988143503528763
2022-04-05,60176.5,60786.0703125,60067.1796875,60786.0703125,6800.0,1,0.9999956768548633
2022-04-06,59610.41015625,59941.5703125,59509.83984375,59815.7109375,10600.0,1,0.9991614442599538
2022-04-07,59034.94921875,59504.921875,58977.3515625,59402.609375,8300.0,1,0.9999922693808787
2022-04-08,59447.1796875,59654.44140625,58876.359375,59256.96875,8400.0,1,0.9999956749966848
2022-04-11,58964.5703125,59355.76171875,58894.3984375,59333.1796875,9000.0,1,0.9999576266020628
2022-04-12,58576.37109375,58794.78125,58298.5703125,58743.5,7500.0,1,0.9999803974279797
2022-04-13,58338.9296875,59003.8203125,58291.23046875,58910.73828125,6600.0,1,0.9999938451794922
2022-04-18,57166.73828125,57420.80078125,56842.390625,57338.578125,13500.0,1,0.9999942113407003
2022-04-19,56463.1484375,57464.078125,56009.0703125,57381.76953125,13500.0,1,0.971192696565897
2022-04-20,57037.5,57216.51171875,56521.328125,56741.4296875,7600.0,1,0.9999960961290468
2022-04-21,57911.6796875,57991.53125,57311.859375,57458.6015625,8000.0,1,0.9999945438729607
2022-04-22,57197.1484375,57689.859375,57134.71875,57531.94921875,7600.0,1,0.9999944871379229
2022-04-25,56579.890625,56875.6484375,56356.87109375,56757.640625,7000.0,1,0.9995294996350331
2022-04-26,57356.609375,57442.23828125,56904.51171875,57066.23828125,7300.0,1,0.9999974023858732
2022-04-27,56819.390625,57079.03125,56584.0390625,56983.6796875,6600.0,1,0.9995702204057205
2022-04-28,57521.05859375,57790.8515625,56936.94140625,57296.30859375,100.0,1,0.999971325454667
2022-04-29,57060.87109375,57975.48046875,56902.30078125,57817.51171875,9500.0,1,0.9999089102917367
2022-05-02,56975.98828125,57054.23046875,56412.62109375,56429.44921875,7900.0,1,0.9999906878501977
2022-05-04,55669.03125,57184.2109375,55501.6015625,57124.91015625,50700.0,0,0.9999813237936026
2022-05-05,55702.23046875,56566.80078125,55613.8203125,56255.0703125,8200.0,1,0.9998810606310652
2022-05-06,54835.578125,55070.12109375,54586.75,54928.2890625,8000.0,1,0.9971326181788781
2022-05-09,54470.671875,54795.46875,53918.01953125,54188.2109375,9300.0,1,0.9999796896732083
2022-05-10,54364.8515625,54857.01953125,54226.328125,54309.30859375,8000.0,1,0.9998924151906389
2022-05-11,54088.390625,54598.55078125,53519.30078125,54544.91015625,7200.0,1,0.9993128787302259
2022-05-12,52930.30859375,53632.55078125,52702.30078125,53608.3515625,6900.0,1,0.9999724999898669
2022-05-13,52793.62109375,53785.7109375,52654.890625,53565.73828125,9300.0,1,0.9995967052739012
2022-05-16,52973.83984375,53428.28125,52632.48046875,52946.3203125,4800.0,1,0.9999816146972765
2022-05-17,54318.46875,54399.421875,53176.01953125,53285.19140625,7400.0,1,0.7609186212222707
2022-05-18,54208.53125,54786.0,54130.890625,54554.890625,5800.0,1,0.9999920745005993
2022-05-19,52792.23046875,53356.0390625,52669.51171875,53070.30078125,9100.0,1,0.9999929826513864
2022-05-20,54326.390625,54396.4296875,53403.2890625,53513.96875,7600.0,1,0.9989189576672718
2022-05-23,54288.609375,54931.30078125,54191.55078125,54459.94921875,7100.0,1,0.9998780568355349
2022-05-24,54052.609375,54524.37109375,53886.28125,54307.55859375,5600.0,1,0.9999952582642169
2022-05-25,53749.26171875,54379.58984375,53683.16015625,54254.0703125,6200.0,1,0.9999932860436601
2022-05-26,54252.53125,54346.21875,53425.25,53950.83984375,7500.0,1,0.9998272208504997
2022-05-27,54884.66015625,54936.62890625,54449.33984375,54671.5,7000.0,1,0.9999909294831989
2022-05-30,55925.73828125,56082.6484375,55466.30078125,55507.75,5900.0,1,0.9999914109362449
2022-05-31,55566.41015625,55925.62109375,55369.140625,55622.01171875,8300.0,1,0.9999413028113501
2022-06-01,55381.171875,55791.48828125,55091.4296875,55588.26953125,7300.0,1,0.9999974741094453
2022-06-02,55818.109375,55891.921875,55135.109375,55382.44140625,5900.0,1,0.9999866647025136
2022-06-03,55769.23046875,56432.6484375,55719.359375,56245.6015625,5900.0,1,0.999989532086709
2022-06-06,55675.3203125,55832.28125,55295.73828125,55610.640625,4300.0,1,0.9999690563420505
2022-06-07,55107.33984375,55387.76953125,54882.41015625,55373.1796875,3600.0,1,0.9999799607759147
2022-06-08,54892.48828125,55423.96875,54683.30078125,55345.51171875,6000.0,1,0.9999955020768685
2022-06-09,55320.28125,55366.83984375,54507.41015625,54514.171875,6000.0,1,0.9997102038862249
2022-06-10,54303.44140625,54780.78125,54205.98828125,54760.25,4800.0,1,0.9999961333531259
2022-06-13,52846.69921875,53207.5390625,52527.078125,53184.609375,7500.0,1,0.9999944807957245
2022-06-14,52693.5703125,53095.3203125,52459.48046875,52495.94140625,6900.0,1,0.9999209321743795
2022-06-15,52541.390625,52867.73046875,52493.359375,52650.41015625,5900.0,1,0.999405543020453
2022-06-16,51495.7890625,53142.5,51425.48046875,53018.91015625,9200.0,0,0.9968348586714807
2022-06-17,51360.421875,51652.828125,50921.21875,51181.98828125,8300.0,1,0.999994349531878
2022-06-20,51597.83984375,51714.609375,51062.9296875,51470.03125,7000.0,1,0.9999937212250132
2022-06-21,52532.0703125,52799.3984375,51808.76171875,51897.6015625,5100.0,1,0.9981228221024752
2022-06-22,51822.53125,52272.8515625,51739.98046875,52186.359375,5800.0,1,0.9999527602813846
2022-06-23,52265.71875,52516.7890625,51632.8515625,51972.75,5600.0,1,0.9999718938941791
2022-06-24,52727.98046875,52909.87109375,52447.25,52654.23828125,5000.0,1,0.9958794725265028
2022-06-27,53161.28125,53509.5,53120.7890625,53468.890625,5300.0,1,0.998507346862882
2022-06-28,53177.44921875,53301.3984375,52771.53125,52846.26171875,5500.0,1,0.9999955753937941
2022-06-29,53026.96875,53244.83984375,52612.6796875,52623.1484375,5200.0,1,0.9999765621918743
2022-06-30,53018.94140625,53377.5390625,52883.25,52897.16015625,5600.0,1,0.9999649122271591
2022-07-01,52907.9296875,53053.0390625,52094.25,52863.33984375,7200.0,1,0.9981211975401246
2022-07-04,53234.76953125,53301.98828125,52674.80859375,52851.671875,7000.0,1,0.9999952757726033
2022-07-05,53134.3515625,53865.9296875,53054.30078125,53501.2109375,6800.0,1,0.9999263874622707
2022-07-06,53750.96875,53819.30859375,53143.28125,53170.69921875,14800.0,1,0.9999894042930129
2022-07-07,54178.4609375,54254.7890625,53927.26171875,54146.6796875,7500.0,1,0.9964167453060435
2022-07-08,54481.83984375,54627.140625,54278.76953125,54574.4296875,7500.0,1,0.9959831052522872
2022-07-11,54395.23046875,54527.8984375,54090.53125,54248.6015625,6100.0,1,0.9985240835742479
2022-07-12,53886.609375,54236.48828125,53824.96875,54219.78125,6300.0,1,0.9992887604361167
2022-07-13,53514.1484375,54211.21875,53455.26171875,54210.1015625,5700.0,1,0.9999891997775002
2022-07-14,53416.1484375,53861.28125,53163.76953125,53688.62109375,4700.0,1,0.9999962560243115
2022-07-15,53760.78125,53811.37109375,53361.62109375,53637.87890625,5600.0,1,0.9999759337557393
2022-07-18,54521.1484375,54556.66015625,54034.96875,54069.30078125,63800.0,0,0.9989538740619255
2022-07-19,54767.62109375,54817.51953125,54232.8203125,54251.87890625,6900.0,1,0.9999932091611993
2022-07-20,55397.53125,55630.26171875,55298.23046875,55486.12109375,6800.0,1,0.9930775319776924
2022-07-21,55681.94921875,55738.48828125,55270.75,55391.9296875,6700.0,1,0.999989271854835
2022-07-22,56072.23046875,56186.05078125,55685.44921875,55800.83984375,6500.0,1,0.9999911049192092
2022-07-25,55766.21875,56018.08984375,55537.078125,55877.5,6100.0,1,0.9976981546421875
2022-07-26,55268.48828125,55834.37890625,55203.4296875,55834.37890625,4900.0,1,0.999995291172873
2022-07-27,55816.3203125,55853.08984375,55157.98828125,55258.2890625,3800.0,1,0.9999827020582447
2022-07-28,56857.7890625,56914.21875,56236.44921875,56267.55078125,13900.0,1,0.9999903664905402
2022-07-29,57570.25,57619.26953125,57104.80859375,57258.12890625,16800.0,1,0.9999957018774132
2022-08-01,58115.5,58170.671875,57540.359375,57823.1015625,72600.0,0,0.9999977499037707
2022-08-02,58136.359375,58328.41015625,57744.69921875,58049.01953125,15500.0,1,0.9999563056717112
2022-08-03,58350.53125,58415.62890625,57788.78125,58174.109375,7200.0,1,0.9999947191748034
2022-08-04,58298.80078125,58712.66015625,57577.05078125,58571.28125,8900.0,1,0.9981890095696886
2022-08-05,58387.9296875,58649.19140625,58244.859375,58421.0390625,9300.0,1,0.9986877122160698
2022-08-08,58853.0703125,58934.8984375,58266.6484375,58417.7109375,9800.0,1,0.9999958702796324
2022-08-10,58817.2890625,58984.3203125,58583.359375,58977.33984375,9800.0,1,0.9999482264150552
2022-08-11,59332.6015625,59484.98828125,59251.140625,59320.44921875,10700.0,1,0.9999089073371943
2022-08-12,59462.78125,59538.078125,59113.01171875,59235.98046875,14200.0,1,0.9998588510853748
2022-08-16,59842.2109375,59923.03125,59673.9609375,59675.12109375,0.0,1,0.9999817573069812
2022-08-17,60260.12890625,60323.25,59857.80078125,59938.05078125,9700.0,1,0.9999968228001836
2022-08-18,60298.0,60341.41015625,59946.44140625,60080.19140625,10900.0,1,0.999945196291513
2022-08-19,59646.1484375,60411.19921875,59474.5703125,60351.23046875,11700.0,1,0.9999858197697358
2022-08-22,58773.87109375,59402.5,58705.109375,59361.078125,10600.0,1,0.9999961990715951
2022-08-23,59031.30078125,59199.109375,58172.48046875,58205.96875,13000.0,1,0.9980854309010478
2022-08-24,59085.4296875,59170.87109375,58760.08984375,58853.3203125,11800.0,1,0.9998795232067244
2022-08-25,58774.71875,59484.3515625,58666.41015625,59315.98046875,9700.0,1,0.9999919803492558
2022-08-26,58833.87109375,59321.6484375,58722.69140625,59050.671875,9000.0,1,0.9999957772888558
2022-08-29,57972.62109375,58208.30078125,57367.46875,57367.46875,14500.0,1,0.9998510892044877
2022-08-30,59537.0703125,59599.78125,58245.48828125,58259.8515625,12800.0,0,0.9597232816652513
2022-09-01,58766.58984375,59309.7890625,58522.5703125,58710.53125,19200.0,1,0.9998904672767733
2022-09-02,58803.328125,59108.66015625,58558.640625,58969.01953125,10700.0,1,0.9997858964544625
2022-09-05,59245.98046875,59308.25,58812.19921875,58814.078125,12900.0,1,0.999996937559089
2022-09-06,59196.98828125,59566.671875,58974.26171875,59285.359375,13800.0,1,0.9999371884547053
2022-09-07,59028.91015625,59166.4609375,58722.890625,58789.26171875,9000.0,1,0.9999791334360045
2022-09-08,59688.21875,59711.9609375,59315.7109375,59374.98828125,12100.0,1,0.9999892348763662
2022-09-09,59793.140625,60119.80078125,59634.390625,60045.75,13100.0,1,0.9995459620179034
2022-09-12,60115.12890625,60284.55078125,59912.2890625,59912.2890625,14300.0,1,0.9999888201497199
2022-09-13,60571.078125,60635.28125,60381.01953125,60408.2890625,8500.0,1,0.9999651806279761
2022-09-14,60346.96875,60649.0390625,59417.12109375,59417.12109375,19700.0,1,0.5973796187982121
2022-09-15,59934.01171875,60676.12109375,59865.75,60454.37109375,10300.0,1,0.9999864484007194
2022-09-16,58840.7890625,59720.55859375,58687.171875,59585.71875,13500.0,1,0.999956537286351
2022-09-19,59141.23046875,59277.55078125,58487.76171875,58747.30859375,58000.0,0,0.9662740305177705
2022-09-20,59719.73828125,60105.7890625,59556.91015625,59556.91015625,10400.0,1,0.9999540460595748
2022-09-21,59456.78125,59799.0390625,59275.3984375,59504.140625,8600.0,1,0.9999450162685573
2022-09-22,59119.71875,59457.578125,58832.78125,59073.83984375,10000.0,1,0.9999964427313529
2022-09-23,58098.921875,59143.3203125,57981.94921875,59005.1796875,14900.0,1,0.9996419932366635
2022-09-26,57145.21875,57708.37890625,57038.23828125,57525.03125,17900.0,1,0.9999956927281686
2022-09-27,57107.51953125,57704.5703125,56950.51953125,57376.51953125,13900.0,1,0.9999921334627232
2022-09-28,56598.28125,57213.328125,56485.671875,56710.12890625,26800.0,1,0.9996035407403884
2022-09-29,56409.9609375,57166.140625,56314.05078125,56997.8984375,11400.0,1,0.9999876447074695
2022-09-30,57426.921875,57722.62890625,56147.23046875,56240.1484375,12300.0,0,0.9998938338370778
2022-10-03,56788.80859375,57454.83984375,56683.3984375,57403.921875,8100.0,1,0.999993986404695
2022-10-04,58065.46875,58099.94140625,57506.6484375,57506.6484375,6400.0,1,0.9999924775177045
2022-10-06,58222.1015625,58578.76171875,58173.69921875,58314.05078125,9600.0,1,0.9999868567605872
2022-10-07,58191.2890625,58269.33984375,57851.1484375,58092.55859375,7300.0,1,0.9998551112690316
2022-10-10,57991.109375,58125.01171875,57365.6796875,57424.0703125,6800.0,1,0.9999748252630305
2022-10-11,57147.3203125,58027.51953125,57050.3984375,58004.25,52700.0,0,0.8241120096290006
2022-10-12,57625.91015625,57687.640625,57085.921875,57312.48828125,7600.0,1,0.9999970713787917
2022-10-13,57235.328125,57568.140625,57055.75,57512.73828125,9500.0,1,0.9998601674218374
2022-10-14,57919.96875,58435.12109375,57848.23046875,58162.73828125,9400.0,1,0.9999942361146333
2022-10-17,58410.98046875,58449.0,57639.80078125,57752.5,53500.0,0,0.7999017275822445
2022-10-18,58960.6015625,59143.66015625,58744.12890625,58744.12890625,8600.0,1,0.9999939563199177
2022-10-19,59107.19140625,59399.69140625,58961.76953125,59196.9609375,6800.0,1,0.9990415663532115
2022-10-20,59202.8984375,59273.8515625,58791.28125,58824.48046875,8600.0,1,0.9999974184097676
2022-10-21,59307.1484375,59590.9296875,59132.94140625,59381.359375,10800.0,1,0.9981742264315522
2022-10-24,59831.66015625,59994.25,59776.66015625,59804.01953125,2100.0,1,0.9999880379576082
2022-10-25,59543.9609375,60081.23828125,59489.01953125,60002.9609375,14900.0,1,0.9999968911295616
2022-10-27,59756.83984375,59959.94140625,59496.80078125,59792.3203125,9500.0,1,0.998800493378807
2022-10-28,59959.8515625,60133.171875,59739.05078125,59746.80078125,10000.0,1,0.99999312468167
2022-10-31,60746.58984375,60786.69921875,60246.9609375,60246.9609375,8000.0,1,0.99999602132976
2022-11-01,61121.3515625,61289.73046875,60868.69140625,61065.578125,58200.0,2,0.9373314429082718
2022-11-02,60906.08984375,61209.6484375,60794.390625,61156.890625,10800.0,1,0.9996358949997575
2022-11-03,60836.41015625,60994.37109375,60485.140625,60511.5703125,25000.0,1,0.9999841009156278
2022-11-04,60950.359375,61004.48828125,60666.01171875,60698.26953125,13600.0,1,0.9999618894550535
2022-11-07,61185.1484375,61401.5390625,60714.359375,61188.12890625,17000.0,1,0.9999969405548471
2022-11-09,61033.55078125,61447.23046875,60905.1484375,61304.2890625,9100.0,1,0.9999646402342697
2022-11-10,60613.69921875,60848.73046875,60425.46875,60524.26953125,10200.0,1,0.9999452799923984
2022-11-11,61795.0390625,61840.96875,61311.01953125,61311.01953125,14400.0,1,0.9999963399950352
2022-11-14,61624.1484375,61916.23828125,61572.03125,61765.859375,20600.0,1,0.9995539109900842
2022-11-15,61872.98828125,61955.9609375,61436.8984375,61630.05078125,11400.0,1,0.9999968992492955
2022-11-16,61980.71875,62052.5703125,61708.62890625,61708.62890625,6600.0,1,0.9999950580865817
2022-11-17,61750.6015625,62050.80078125,61643.26953125,61812.359375,9100.0,1,0.9999265739639782
2022-11-18,61663.48046875,61929.87890625,61337.4296875,61858.19921875,10600.0,1,0.999997789461763
2022-11-21,61144.83984375,61456.328125,61059.328125,61456.328125,7900.0,1,0.9999480278165873
2022-11-22,61418.9609375,61466.62890625,61073.6796875,61126.55859375,9700.0,1,0.9999922408126937
2022-11-23,61510.578125,61780.8984375,61442.69140625,61779.7109375,9800.0,1,0.9999290616870816
2022-11-24,62272.6796875,62412.328125,61600.421875,61656.0,7700.0,1,0.9999626146590831
2022-11-25,62293.640625,62447.73046875,62115.66015625,62327.87890625,7100.0,1,0.9996762481951436
2022-11-28,62504.80078125,62701.3984375,61959.73828125,62016.3515625,7000.0,1,0.9999821912634811
2022-11-29,62681.83984375,62887.3984375,62362.078125,62362.078125,11200.0,1,0.9999941674118428
2022-11-30,63099.6484375,63303.01171875,62648.37890625,62743.46875,8900.0,1,0.9999953043911883
2022-12-01,63284.19140625,63583.0703125,63183.76953125,63357.98828125,17300.0,1,0.9998422923905883
2022-12-02,62868.5,63148.58984375,62679.62890625,62978.578125,6400.0,1,0.9996976915630228
2022-12-05,62834.6015625,62939.62890625,62507.87890625,62865.28125,13100.0,1,0.9999919216017906
2022-12-06,62626.359375,62677.83984375,62390.0703125,62395.55078125,6100.0,1,0.9999941068587245
2022-12-07,62410.6796875,62759.96875,62316.6484375,62615.51953125,4800.0,1,0.9999234413124549
2022-12-08,62570.6796875,62633.55859375,62320.1796875,62504.0390625,13700.0,1,0.9998906775986848
2022-12-09,62181.671875,62735.421875,61889.109375,62690.859375,7300.0,1,0.9999933291988344
2022-12-12,62130.5703125,62239.421875,61676.1484375,61770.55859375,7000.0,1,0.9999974824174648
2022-12-13,62533.30078125,62567.921875,62129.5703125,62300.671875,12000.0,1,0.9999936326589702
2022-12-14,62677.91015625,62835.109375,62591.28125,62685.94140625,5700.0,1,0.9999836398905275
2022-12-15,61799.03125,62624.80859375,61715.609375,62530.0703125,5600.0,1,0.9999776442720578
2022-12-16,61337.80859375,61893.21875,61292.53125,61534.23828125,7000.0,1,0.9999793012644427
2022-12-19,61806.19140625,61844.921875,61265.30859375,61405.80078125,4800.0,1,0.9999967998404202
2022-12-20,61702.2890625,61780.37109375,61102.6796875,61608.8515625,4500.0,1,0.9999845232052684
2022-12-21,61067.23828125,62006.4609375,60938.37890625,61993.7109375,6600.0,1,0.9998850890756292
2022-12-22,60826.21875,61464.37890625,60637.23828125,61257.171875,9100.0,1,0.9999949359329949
2022-12-23,59845.2890625,60546.87890625,59765.55859375,60205.55859375,8100.0,1,0.9999713447755608
2022-12-26,60566.421875,60833.78125,59754.1015625,59755.078125,6500.0,1,0.977438019393334
2022-12-27,60927.4296875,60986.6796875,60405.66015625,60861.41015625,11100.0,1,0.9999935232917233
2022-12-28,60910.28125,61075.328125,60713.76953125,60811.51953125,10000.0,1,0.9997295604453869
2022-12-29,61133.87890625,61210.6484375,60479.05859375,60628.2890625,7900.0,1,0.9999922120903264
2022-12-30,60840.73828125,61392.6796875,60743.7109375,61329.16015625,8000.0,1,0.9999974430557725
2023-01-02,61167.7890625,61222.7890625,60764.62890625,60871.23828125,18500.0,1,0.9999827784441322
2023-01-03,61294.19921875,61343.9609375,61004.0390625,61074.87890625,6700.0,1,0.9999688087508645
2023-01-04,60657.44921875,61327.2109375,60593.55859375,61294.6484375,7900.0,1,0.9999949633263148
2023-01-05,60353.26953125,60877.05859375,60049.83984375,60847.5,8900.0,1,0.999993310123728
2023-01-06,59900.37109375,60537.62890625,59669.91015625,60388.73828125,8600.0,1,0.9999941390606428
2023-01-09,60747.30859375,60889.41015625,60109.94140625,60147.0703125,8000.0,1,0.9999685621704177
2023-01-10,60115.48046875,60809.6484375,59938.37890625,60805.140625,8500.0,1,0.9999898316671599
2023-01-11,60105.5,60364.76953125,59805.78125,60134.55859375,9700.0,1,0.9998530084329555
2023-01-12,59958.03125,60290.3515625,59632.3203125,60083.03125,6100.0,1,0.9999974535180773
2023-01-13,60261.1796875,60418.26171875,59628.4296875,60044.9609375,7200.0,1,0.9999926322024774
2023-01-16,60092.96875,60586.76953125,59963.828125,60550.5,6500.0,1,0.9999976159534164
2023-01-17,60655.71875,60704.48046875,60072.33984375,60142.078125,6600.0,1,0.9999944624255306
2023-01-18,61045.73828125,61110.25,60569.19140625,60716.03125,6900.0,1,0.9999979210888119
2023-01-19,60858.4296875,61032.46875,60716.55078125,60920.01953125,8500.0,1,0.9992923028937986
2023-01-20,60621.76953125,61001.1796875,60585.25,60901.16015625,6300.0,1,0.9999522846442339
2023-01-23,60941.671875,61113.26953125,60761.87890625,60876.01171875,6600.0,1,0.9997209280983954
2023-01-24,60978.75,61266.05859375,60849.12109375,61122.19921875,9500.0,1,0.9990521871734467
2023-01-25,60205.05859375,60899.2109375,60081.359375,60834.73046875,8100.0,1,0.9999934126537371
2023-01-27,59330.8984375,60166.8984375,58974.69921875,60166.8984375,12900.0,1,0.9995466654604873
2023-01-30,59500.41015625,59644.23828125,58699.19921875,59101.69140625,11500.0,1,0.9999599817313783
2023-01-31,59549.8984375,59787.62890625,59104.58984375,59770.828125,9000.0,1,0.9999894530274995
2023-02-01,59708.078125,60773.44140625,58816.83984375,60001.171875,25300.0,0,0.999177656178107
2023-02-02,59932.23828125,60007.671875,59215.62109375,59459.87109375,10400.0,1,0.9999894166582778
2023-02-03,60841.87890625,60905.33984375,60013.05859375,60350.01171875,9100.0,1,0.999958032995069
2023-02-06,60506.8984375,60847.2109375,60345.609375,60847.2109375,7500.0,1,0.999992193484432
2023-02-07,60286.0390625,60655.140625,60063.48828125,60511.3203125,13600.0,1,0.9999442925105069
2023-02-08,60663.7890625,60792.1015625,60324.921875,60332.98828125,13300.0,1,0.9999966056863485
2023-02-09,60806.21875,60863.62890625,60472.80859375,60715.890625,8500.0,1,0.9999650230925496
2023-02-10,60682.69921875,60774.140625,60501.73828125,60706.80859375,5300.0,1,0.9999027338141496
2023-02-13,60431.83984375,60740.94921875,60245.05078125,60652.8203125,5800.0,1,0.9998596658147353
2023-02-14,61032.26171875,61102.73828125,60550.25,60550.25,7000.0,1,0.999995390209368
2023-02-15,61275.08984375,61352.55078125,60750.3203125,60990.05078125,5700.0,1,0.9999973929801432
2023-02-16,61319.51171875,61682.25,61196.71875,61566.21875,6900.0,1,0.9998789861571934
2023-02-17,61002.5703125,61302.71875,60810.671875,60993.5390625,8100.0,1,0.9999527008933407
2023-02-20,60691.5390625,61290.19140625,60607.01953125,61112.83984375,6100.0,1,0.999995348839017
2023-02-21,60672.71875,60976.58984375,60583.71875,60770.4296875,5100.0,1,0.9998949697874021
2023-02-22,59744.98046875,60462.8984375,59681.55078125,60391.859375,8100.0,1,0.9999926857888882
2023-02-23,59605.80078125,59960.0390625,59406.30859375,59777.640625,7100.0,1,0.9998770044548906
2023-02-24,59463.9296875,59908.76953125,59325.33984375,59859.48046875,5300.0,1,0.9999970897317265
2023-02-27,59288.3515625,59441.12890625,58937.640625,59331.30859375,7500.0,1,0.999991282380251
2023-02-28,58962.12109375,59483.71875,58795.96875,59346.609375,6900.0,1,0.9999973803333239
2023-03-01,59411.078125,59475.44921875,59109.5390625,59136.48046875,5900.0,1,0.9999841132244394
2023-03-02,58909.3515625,59423.7890625,58866.26171875,59287.1796875,5200.0,1,0.9999958858881404
2023-03-03,59808.96875,59967.0390625,59231.578125,59241.19921875,9200.0,1,0.9999750332566802
2023-03-06,60224.4609375,60498.48046875,60005.6484375,60007.0390625,5900.0,1,0.9999882974362203
2023-03-08,60348.08984375,60402.8515625,59844.8203125,59916.1015625,6500.0,1,0.9999968028434395
2023-03-09,59806.28125,60467.08984375,59750.53125,60467.08984375,7700.0,1,0.9999948597681672
2023-03-10,59135.12890625,59262.46875,58884.98046875,59259.828125,6300.0,1,0.9999842035739206
2023-03-13,58237.8515625,59510.921875,58094.55078125,59033.76953125,8000.0,1,0.6402652781710968
2023-03-14,57900.19140625,58490.98046875,57721.16015625,58168.75,10200.0,1,0.999993117349788
2023-03-15,57555.8984375,58473.62890625,57455.671875,58268.5390625,7600.0,1,0.999898942383728
2023-03-16,57634.83984375,57887.4609375,57158.69140625,57510.80078125,7900.0,1,0.9999971097071618
2023-03-17,57989.8984375,58178.94140625,57503.8984375,58038.171875,6300.0,1,0.9999939478222954
2023-03-20,57628.94921875,57829.23046875,57084.91015625,57773.55078125,6500.0,1,0.9999656954882216
2023-03-21,58074.6796875,58133.328125,57730.08984375,57963.26953125,5500.0,1,0.9999216690132976
2023-03-22,58214.58984375,58418.78125,58063.5,58245.26171875,0.0,1,0.9981818685897459
2023-03-23,57925.28125,58396.171875,57838.8515625,58061.41015625,5100.0,1,0.9999895407511435
2023-03-24,57527.1015625,58066.3984375,57422.98046875,57890.66015625,6400.0,1,0.9999963282960026
2023-03-27,57653.859375,58019.55078125,57415.01953125,57566.8984375,6000.0,1,0.9999919509741683
2023-03-28,57613.71875,57949.44921875,57494.91015625,57751.5,4500.0,1,0.9994761026786755
2023-03-29,57960.08984375,58124.19921875,57524.3203125,57572.078125,5900.0,1,0.9999934541581735
2023-03-31,58991.51953125,59068.46875,58273.859375,58273.859375,6500.0,1,0.9999262335981427
2023-04-03,59106.44140625,59204.8203125,58793.078125,59131.16015625,4300.0,1,0.9999825634755952
2023-04-05,59689.30859375,59747.12109375,59094.3984375,59094.7109375,5000.0,1,0.999986191512437
2023-04-06,59832.96875,59950.05859375,59520.12109375,59627.01171875,4700.0,1,0.9999526181624054
2023-04-10,59846.51171875,60109.109375,59766.23046875,59858.98046875,11000.0,1,0.9999543480433036
2023-04-11,60157.71875,60267.6796875,59919.87890625,60028.6015625,6900.0,1,0.9996567068904669
2023-04-12,60392.76953125,60437.640625,60094.69140625,60180.19921875,5900.0,1,0.9999500853861772
2023-04-13,60431.0,60486.91015625,60081.4296875,60364.41015625,6600.0,1,0.999989741344032
2023-04-17,59910.75,60407.859375,59442.46875,60385.8984375,15200.0,1,0.9999433549274098
2023-04-18,59727.01171875,60113.46875,59579.30078125,59991.26171875,7300.0,1,0.9999268196972658
2023-04-19,59567.80078125,59745.890625,59452.71875,59745.890625,7800.0,1,0.9998400268559652
2023-04-20,59632.3515625,59836.7890625,59489.98046875,59586.609375,6600.0,1,0.9997916193314969
2023-04-21,59655.05859375,59781.359375,59412.80859375,59538.7890625,5700.0,1,0.9994905523482066
2023-04-24,60056.1015625,60101.640625,59620.109375,59873.7109375,6600.0,1,0.9999970597601002
2023-04-25,60130.7109375,60268.671875,59967.01953125,60202.76953125,6500.0,1,0.999626871134211
2023-04-26,60300.578125,60362.7890625,59954.91015625,60087.98046875,4500.0,1,0.9999682437274098
2023-04-27,60649.37890625,60698.30859375,60271.48828125,60315.55859375,5500.0,1,0.9999969645584921
2023-04-28,61112.44140625,61209.4609375,60507.828125,60721.609375,7200.0,1,0.9999955357732049
2023-05-02,61354.7109375,61486.23828125,61255.0,61301.609375,6700.0,1,0.999983793234614
2023-05-03,61193.30078125,61274.9609375,61024.44140625,61274.9609375,6100.0,1,0.999988310933884
2023-05-04,61749.25,61797.91015625,61119.55859375,61258.12890625,8100.0,1,0.9999948593570546
2023-05-05,61054.2890625,61585.5,61002.171875,61163.1015625,5600.0,1,0.9999541372291564
2023-05-08,61764.25,61854.19140625,61166.08984375,61166.08984375,7900.0,1,0.9999859957364666
2023-05-09,61761.328125,62027.51171875,61654.94140625,61879.6796875,6900.0,1,0.9996531306018686
2023-05-10,61940.19921875,61974.3515625,61572.9296875,61843.359375,4800.0,1,0.9999962008836392
2023-05-11,61904.51953125,62168.21875,61823.0703125,62158.1015625,6100.0,1,0.9999411951605971
2023-05-12,62027.8984375,62110.9296875,61578.1484375,61857.69140625,7000.0,1,0.9999979327886892
2023-05-15,62345.7109375,62562.671875,61950.30078125,62157.1015625,6900.0,1,0.9999978926063059
2023-05-16,61932.46875,62475.94921875,61847.41015625,62474.109375,5900.0,1,0.9999971166723381
2023-05-17,61560.640625,61979.94140625,61340.1015625,61932.3203125,6700.0,1,0.9999979070273177
2023-05-18,61431.73828125,61955.8984375,61349.33984375,61937.859375,8200.0,1,0.9999976444284379
2023-05-19,61729.6796875,61784.609375,61251.69921875,61556.25,6100.0,1,0.9999974904784363
2023-05-22,61963.6796875,62044.4609375,61579.78125,61579.78125,5600.0,1,0.9999967937103886
2023-05-23,61981.7890625,62245.19140625,61914.3984375,62098.16015625,8400.0,1,0.9998930738632956
2023-05-24,61773.78125,62154.140625,61708.1015625,61834.28125,5900.0,1,0.9999920994654042
2023-05-25,61872.62109375,61934.01171875,61484.66015625,61706.12890625,8400.0,1,0.9999903075752506
2023-05-26,62501.69140625,62529.828125,61911.609375,61985.359375,9200.0,1,0.9999959722486361
2023-05-29,62846.37890625,63026.0,62801.5390625,62801.5390625,9600.0,1,0.999993550507384
2023-05-30,62969.12890625,63036.12109375,62737.3984375,62839.8515625,7800.0,1,0.9999584345701563
2023-05-31,62622.23828125,62876.76953125,62401.01953125,62839.96875,7300.0,1,0.9999829740857595
2023-06-01,62428.5390625,62762.41015625,62359.140625,62736.46875,8000.0,1,0.9999602654721803
2023-06-02,62547.109375,62719.83984375,62379.859375,62601.96875,6300.0,1,0.9996945257568489
2023-06-05,62787.46875,62943.19921875,62751.71875,62759.19140625,6100.0,1,0.9999936850931159
2023-06-06,62792.87890625,62867.94921875,62554.2109375,62738.3515625,8100.0,1,0.9999341976757792
2023-06-07,63142.9609375,63196.4296875,62841.94921875,62917.390625,6900.0,1,0.9999879016801974
2023-06-08,62848.640625,63321.3984375,62789.73046875,63140.171875,11000.0,1,0.9999956642948544
2023-06-09,62625.62890625,62992.16015625,62594.73828125,62810.6796875,41400.0,1,0.9815805540551198
2023-06-12,62724.7109375,62804.890625,62615.19921875,62659.98046875,4900.0,1,0.9999944164320158
2023-06-13,63143.16015625,63177.46875,62777.0390625,62779.140625,5500.0,1,0.9999975141323698
2023-06-14,63228.51171875,63274.03125,63013.51171875,63115.48046875,11900.0,1,0.9999747099596759
2023-06-15,62917.62890625,63310.9609375,62871.078125,63153.78125,6700.0,1,0.999987431551936
2023-06-16,63384.578125,63520.359375,62957.171875,62960.73046875,5500.0,1,0.9999943270529964
2023-06-19,63168.30078125,63574.69140625,63047.828125,63474.2109375,1400.0,1,0.9999923270137072
2023-06-20,63327.69921875,63440.19140625,62801.91015625,63176.76953125,5000.0,1,0.9999968297664522
2023-06-21,63523.1484375,63588.30859375,63315.62109375,63467.4609375,10600.0,1,0.9999684508916181
2023-06-22,63238.890625,63601.7109375,63200.62890625,63601.7109375,7300.0,1,0.9999923818338574
2023-06-23,62979.37109375,63240.62890625,62874.12109375,63124.28125,7300.0,1,0.9997901467575747
2023-06-26,62970.0,63136.08984375,62853.671875,62946.5,4400.0,1,0.9999746431036762
2023-06-27,63416.03125,63467.5390625,63054.83984375,63151.8515625,4800.0,1,0.9999961540166451
2023-06-28,63915.421875,64050.44140625,63554.8203125,63701.78125,6300.0,1,0.9999955013217551
2023-06-30,64718.55859375,64768.578125,64068.44140625,64068.44140625,29700.0,1,0.9998495331555592
2023-07-03,65205.05078125,65300.3515625,64836.16015625,64836.16015625,8800.0,1,0.9999973696274891
2023-07-04,65479.05078125,65672.96875,65171.05859375,65503.8515625,6600.0,1,0.9999800291819468
2023-07-05,65446.0390625,65584.328125,65256.48828125,65493.6796875,7400.0,1,0.9999685472557722
2023-07-06,65785.640625,65832.9765625,65328.2890625,65391.87890625,8600.0,1,0.9999980836334069
2023-07-07,65280.44921875,65898.9765625,65175.73828125,65559.40625,14300.0,1,0.9999880540845772
2023-07-10,65344.171875,65633.4921875,65246.3984375,65482.328125,14400.0,1,0.9998742277176517
2023-07-11,65617.84375,65870.59375,65517.5703125,65598.6484375,9800.0,1,0.9999950516083895
2023-07-12,65393.8984375,65811.640625,65320.25,65759.28125,7400.0,1,0.9999963654412755
2023-07-13,65558.890625,66064.2109375,65452.1484375,65667.0703125,9500.0,1,0.9999878819852446
2023-07-14,66060.8984375,66159.7890625,65610.8203125,65775.4921875,10800.0,1,0.9999984679968208
2023-07-17,66589.9296875,66656.2109375,66015.6328125,66148.1796875,9200.0,1,0.9999971823741405
2023-07-18,66795.140625,67007.0234375,66574.46875,66828.9609375,8200.0,1,0.9999171044034563
2023-07-19,67097.4375,67171.3828125,66703.609375,66905.0078125,8500.0,1,0.9999978551618207
2023-07-20,67571.8984375,67619.171875,66831.3828125,67074.34375,8300.0,1,0.9999908701707414
2023-07-21,66684.2578125,67190.5234375,66533.7421875,66907.0703125,13200.0,1,0.9999967334189295
2023-07-24,66384.78125,66808.5625,66326.25,66629.140625,8600.0,1,0.9999962676641464
2023-07-25,66355.7109375,66559.2890625,66177.6171875,66531.203125,11100.0,1,0.9999838713590363
2023-07-26,66707.203125,66897.2734375,66431.34375,66434.71875,10500.0,1,0.9999959776829623
2023-07-27,66266.8203125,66984.171875,66060.7421875,66834.1171875,8400.0,1,0.9999922228547838
2023-07-28,66160.203125,66351.21875,65878.6484375,66266.3515625,12300.0,1,0.9999860981454415
2023-07-31,66527.671875,66598.421875,65998.8984375,66156.390625,7900.0,1,0.9999979730628102
2023-08-01,66459.3125,66658.1171875,66388.2578125,66532.9765625,10500.0,1,0.9999935947077768
2023-08-02,65782.78125,66261.96875,65431.6796875,66064.40625,7500.0,1,0.9999971759925503
2023-08-03,65240.6796875,65820.8203125,64963.078125,65550.8203125,9300.0,1,0.9999961556398381
2023-08-04,65721.25,65799.2734375,65387.1796875,65453.55078125,12500.0,1,0.9999958649612847
2023-08-07,65953.4765625,66067.8984375,65748.25,65811.3984375,7100.0,1,0.9999936058539894
2023-08-08,65846.5,66057.53125,65752.6328125,66048.8125,6300.0,1,0.999993653092552
2023-08-09,65995.8125,66066.0078125,65444.37890625,65810.9609375,6600.0,1,0.9999968607353632
2023-08-10,65688.1796875,65956.25,65509.140625,65945.390625,6000.0,1,0.999995027774144
2023-08-11,65322.6484375,65727.796875,65274.609375,65727.796875,7600.0,1,0.9999973187991964
2023-08-14,65401.921875,65517.8203125,64821.87890625,65153.01953125,7600.0,1,0.999997126751285
2023-08-16,65539.421875,65605.7421875,65032.890625,65238.671875,0.0,1,0.9999964022104874
2023-08-17,65151.01953125,65535.140625,65046.1015625,65503.8515625,6400.0,1,0.9999957621185697
2023-08-18,64948.66015625,65175.3203125,64754.71875,65025.7109375,14300.0,1,0.9994083668058887
2023-08-21,65216.08984375,65335.8203125,64852.69921875,64852.69921875,9300.0,1,0.9999969936297913
2023-08-22,65220.03125,65362.91015625,65165.44921875,65272.421875,5400.0,1,0.9999958696721369
2023-08-23,65433.30078125,65504.7109375,65108.51171875,65300.9296875,7100.0,1,0.9999898483279228
2023-08-24,65252.33984375,65913.7734375,65181.94140625,65722.5078125,5900.0,1,0.9999936783525308
2023-08-25,64886.51171875,65106.0,64732.5703125,65000.671875,51700.0,2,0.7452507898562858
2023-08-28,64996.6015625,65213.44921875,64776.921875,64908.078125,20800.0,1,0.9997345508300352
2023-08-29,65075.8203125,65229.03125,64956.671875,65201.3515625,48500.0,1,0.5568817097273545
2023-08-30,65087.25,65458.69921875,65052.73828125,65311.578125,17700.0,1,0.9999738005464636
2023-08-31,64831.41015625,65277.0390625,64723.62890625,65178.328125,48600.0,1,0.7096589433778073
2023-09-01,65387.16015625,65473.26953125,64818.37109375,64855.51171875,21600.0,1,0.9999867490299723
2023-09-04,65628.140625,65683.90625,65285.55859375,65525.91015625,13700.0,1,0.9999911121306511
2023-09-05,65780.2578125,65831.703125,65601.46875,65671.6015625,6600.0,1,0.9999966121074713
2023-09-06,65880.5234375,65971.1328125,65488.03125,65744.1875,6100.0,1,0.9999975586623535
2023-09-07,66265.5625,66296.8984375,65672.34375,65854.25,6200.0,1,0.999997036294016
2023-09-08,66598.90625,66766.921875,66299.296875,66381.4296875,11500.0,1,0.999996875596707
2023-09-11,67127.078125,67172.1328125,66735.84375,66807.7265625,9300.0,1,0.9999983668331267
2023-09-12,67221.1328125,67539.1015625,66948.1796875,67506.8828125,8700.0,1,0.9999982669676732
2023-09-13,67466.9921875,67565.40625,67053.359375,67188.640625,6200.0,1,0.9999984844433678
2023-09-14,67519.0,67771.046875,67336.4609375,67627.03125,8100.0,1,0.9999463004909469
2023-09-15,67838.6328125,67927.2265625,67614.421875,67659.90625,6800.0,1,0.9999974254978323
2023-09-18,67596.84375,67803.1484375,67532.828125,67665.578125,10300.0,1,0.9999958909454536
2023-09-20,66800.84375,67294.15625,66728.140625,67080.1796875,13400.0,1,0.9999964277491757
2023-09-21,66230.2421875,66608.671875,66128.7109375,66608.671875,8400.0,1,0.9999974552874219
2023-09-22,66009.1484375,66445.46875,65952.828125,66215.0390625,8300.0,1,0.9999962836682021
2023-09-25,66023.6875,66225.6328125,65764.03125,66082.9921875,6800.0,1,0.9999566047770607
2023-09-26,65945.46875,66078.2578125,65865.6328125,66071.6328125,6500.0,1,0.9999965080808803
2023-09-27,66118.6875,66172.2734375,65549.9609375,65925.640625,5400.0,1,0.999995864966072
2023-09-28,65508.3203125,66406.0078125,65423.390625,66406.0078125,7800.0,1,0.9999635897187475
2023-09-29,65828.40625,66151.6484375,65570.3828125,65743.9296875,8400.0,1,0.9999971243927411
2023-10-03,65512.1015625,65813.5,65344.58984375,65813.421875,8600.0,1,0.9999959410891752
2023-10-04,65226.0390625,65332.51953125,64878.76953125,65330.6484375,8600.0,1,0.9999963133067893
2023-10-05,65631.5703125,65753.203125,65443.33984375,65598.2578125,8000.0,1,0.999971089869071
2023-10-06,65995.6328125,66095.8125,65762.328125,65867.5390625,10200.0,1,0.9999808643419693
2023-10-09,65512.390625,65789.9765625,65434.609375,65560.0703125,7300.0,1,0.9999943427763708
2023-10-10,66079.359375,66180.171875,65662.2734375,65662.2734375,5100.0,1,0.9999962670825586
2023-10-11,66473.046875,66592.15625,66299.7890625,66376.421875,16800.0,1,0.999980818146906
2023-10-12,66408.390625,66577.6015625,66339.421875,66564.5703125,7100.0,1,0.9999965618087472
2023-10-13,66282.7421875,66478.8984375,65895.40625,66034.2109375,13400.0,1,0.9999978086213529
2023-10-16,66166.9296875,66342.75,66039.3828125,66238.1484375,6600.0,1,0.9999822736544958
2023-10-17,66428.09375,66559.8203125,66309.1796875,66558.1484375,7900.0,1,0.9999966600100922
2023-10-18,65877.0234375,66475.2734375,65842.1015625,66473.7421875,7100.0,1,0.9999969555788846
2023-10-19,65629.2421875,65869.6484375,65343.5,65484.609375,11000.0,1,0.9999961069451508
2023-10-20,65397.62109375,65555.140625,65308.609375,65437.0703125,14300.0,1,0.9999876538789335
2023-10-23,64571.87890625,65453.921875,64502.6796875,65419.01953125,6800.0,1,0.9999700227314139
2023-10-25,64049.05859375,64787.078125,63912.16015625,64619.26953125,7100.0,1,0.9999906060000302
2023-10-26,63148.1484375,63774.16015625,63092.98046875,63774.16015625,12900.0,1,0.9999962915559664
2023-10-27,63782.80078125,63913.12890625,63393.37109375,63559.3203125,12600.0,1,0.9999938469534649
2023-10-30,64112.6484375,64184.578125,63431.44921875,63885.55859375,5600.0,1,0.9999862172085408
2023-10-31,63874.9296875,64452.3203125,63812.53125,64449.6484375,15000.0,1,0.9999966526035439
2023-11-01,63591.328125,63896.05078125,63550.4609375,63829.87109375,6100.0,1,0.9999759134985986
2023-11-02,64080.8984375,64202.640625,63815.3515625,64033.3984375,6400.0,1,0.9999167885539049
2023-11-03,64363.78125,64535.19140625,64275.390625,64444.8984375,16100.0,1,0.9999573486899523
2023-11-06,64958.69140625,64992.5390625,64617.48046875,64835.23046875,8100.0,1,0.9999960618940792
2023-11-07,64942.3984375,65021.2890625,64638.1015625,65021.2890625,7700.0,1,0.9999967166223528
2023-11-08,64975.609375,65124.0,64851.05859375,65101.94921875,6400.0,1,0.9999923189354027
2023-11-09,64832.19921875,65046.55859375,64768.76171875,65025.3203125,11600.0,1,0.9999876506900979
2023-11-10,64904.6796875,65014.05859375,64580.94921875,64756.109375,11100.0,1,0.9999593290479979
2023-11-13,64933.87109375,65176.9609375,64853.359375,65158.30859375,7700.0,1,0.9999853437412246
2023-11-15,65675.9296875,65747.6484375,65373.5,65461.5390625,7500.0,1,0.9999943363200874
2023-11-16,65982.4765625,66358.3671875,65507.01953125,65665.8671875,11600.0,1,0.9999675452716243
2023-11-17,65794.7265625,66037.6875,65639.7421875,65788.7890625,10900.0,1,0.9999630111042324
2023-11-20,65655.1484375,65844.0078125,65547.796875,65787.5078125,7200.0,1,0.9999855036814573
2023-11-21,65930.7734375,66082.359375,65849.171875,65860.4609375,5400.0,1,0.9999953871593045
2023-11-22,66023.2421875,66063.4296875,65664.8515625,65839.6171875,4300.0,1,0.9999973378198754
2023-11-23,66017.8125,66235.2421875,65980.5,66084.3671875,7500.0,1,0.9999957924022084
2023-11-24,65970.0390625,66101.640625,65894.046875,66000.2890625,10800.0,1,0.9999957146618429
2023-11-28,66174.203125,66256.203125,65906.6484375,66063.71875,5100.0,1,0.9999894099739657
2023-11-29,66901.90625,66946.28125,66374.5234375,66381.2578125,8300.0,1,0.9999962780033573
2023-11-30,66988.4375,67069.890625,66610.3515625,66963.203125,11100.0,1,0.9999977824503595
2023-12-01,67481.1875,67564.328125,67149.0703125,67181.1484375,21700.0,1,0.9999910416373246
2023-12-04,68865.1171875,68918.21875,68274.46875,68435.34375,30900.0,1,0.9999234959951612
2023-12-05,69296.140625,69381.3125,68954.8828125,69168.53125,9600.0,1,0.9999970341146724
2023-12-06,69653.7265625,69744.6171875,69395.0078125,69534.9296875,10400.0,1,0.9999958840886947
2023-12-07,69521.6875,69695.328125,69320.53125,69694.1484375,26000.0,1,0.9999602082256785
2023-12-08,69825.6015625,69893.796875,69506.1171875,69666.3828125,18200.0,1,0.9999899657892144
2023-12-11,69928.53125,70057.828125,69782.4765625,69925.6328125,12400.0,1,0.9999964476416281
2023-12-12,69551.03125,70033.640625,69443.8515625,70020.6796875,7000.0,1,0.9999983105865862
2023-12-13,69584.6015625,69657.9296875,69100.5625,69648.5625,7100.0,1,0.9999887027321294
2023-12-14,70514.203125,70602.890625,70110.75,70146.09375,12200.0,1,0.9999978062226209
2023-12-15,71483.75,71605.7578125,70655.96875,70804.1328125,25100.0,1,0.9997181194876504
2023-12-18,71315.09375,71552.2421875,71142.2890625,71437.3515625,12500.0,1,0.9999881473377341
2023-12-19,71437.1875,71623.7109375,71071.9765625,71479.28125,8600.0,1,0.9999987114991159
2023-12-20,70506.3125,71913.0703125,70302.6015625,71647.65625,13200.0,1,0.6094400824658734
2023-12-21,70865.1015625,70958.7109375,69920.390625,69920.890625,8800.0,1,0.9975949498599181
2023-12-22,71106.9609375,71259.546875,70713.5625,71045.6484375,15300.0,1,0.9999974494056139
2023-12-26,71336.796875,71471.2890625,71012.078125,71097.78125,7700.0,1,0.999998465373803
2023-12-27,72038.4296875,72119.8515625,71473.6484375,71492.0234375,9800.0,1,0.9999949333188664
2023-12-28,72410.3828125,72484.34375,72137.453125,72262.671875,7800.0,1,0.99999851134814
2023-12-29,72240.2578125,72417.0078125,72082.640625,72351.59375,19800.0,1,0.9999902315237577
2024-01-02,71892.4765625,72332.8515625,71613.7421875,72332.8515625,300.0,1,0.9999956777553232
2024-01-03,71356.6015625,71862.0,71303.96875,71832.6171875,13600.0,1,0.9999975418319661
2024-01-04,71847.5703125,71954.7890625,71546.6015625,71678.9296875,8900.0,1,0.9999982878970589
2024-01-05,72026.1484375,72156.4765625,71779.828125,72016.7109375,14900.0,1,0.9999941147864322
2024-01-08,71355.21875,72181.7734375,71301.0390625,72113.25,10900.0,1,0.9999883908515811
2024-01-09,71386.2109375,72035.46875,71307.2734375,71770.90625,9500.0,1,0.999993212417392
2024-01-10,71657.7109375,71733.84375,71110.9765625,71383.203125,9400.0,1,0.9999982878853457
2024-01-11,71721.1796875,71999.46875,71543.1875,71907.75,7800.0,1,0.9999965204303541
2024-01-12,72568.453125,72720.9609375,71982.2890625,72148.0703125,20400.0,1,0.9999909421625325
2024-01-15,73327.9375,73402.15625,72909.0,73049.8671875,16000.0,1,0.9999979100904948
2024-01-16,73128.7734375,73427.59375,72960.2890625,73331.953125,11200.0,1,0.999996627893052
2024-01-17,71500.7578125,72484.796875,71429.296875,71998.9296875,14100.0,1,0.997596489069345
2024-01-18,71186.859375,71451.2890625,70665.5,71018.859375,13000.0,1,0.9999976398065938
2024-01-19,71683.2265625,71895.640625,71542.7421875,71786.7421875,25500.0,1,0.9999212930644578
2024-01-23,70370.546875,72039.203125,70234.546875,71868.203125,11400.0,0,0.9952953305817648
2024-01-24,71060.3125,71149.609375,70001.6015625,70165.4921875,15600.0,1,0.9962001295296492
2024-01-25,70700.671875,71049.4609375,70319.0390625,71022.1015625,36700.0,1,0.9984744367250526
2024-01-29,71941.5703125,72010.21875,70880.5390625,70968.1015625,13900.0,1,0.994385093016011
2024-01-30,71139.8984375,72142.2265625,71075.71875,72000.203125,12900.0,1,0.9998997139834811
2024-01-31,71752.109375,71851.390625,70846.0390625,71073.0390625,11000.0,1,0.9998870695160047
2024-02-01,71645.296875,72151.0234375,71574.890625,71998.78125,11500.0,1,0.9999976604818397
2024-02-02,72085.6328125,73089.3984375,71948.7734375,71977.5625,19400.0,0,0.9999793629743927
2024-02-05,71731.421875,72385.9296875,71602.140625,72269.1171875,19900.0,1,0.9999919448353772
2024-02-06,72186.09375,72261.3984375,71625.1796875,71970.8203125,10500.0,1,0.9999977672898857
2024-02-07,72152.0,72559.2109375,71938.21875,72548.5,12800.0,1,0.9999980889524789
2024-02-08,71428.4296875,72473.421875,71230.6171875,72473.421875,14500.0,1,0.99945346821231
2024-02-09,71595.4921875,71676.4921875,71200.3125,71410.2890625,19000.0,1,0.9999954930034296
2024-02-12,71072.4921875,71756.578125,70922.5703125,71722.3125,10700.0,1,0.9999954658811501
2024-02-13,71555.1875,71662.7421875,70924.296875,71292.078125,8100.0,1,0.9999966938930378
2024-02-14,71822.828125,71938.59375,70809.84375,71035.25,10700.0,1,0.9988350020175086
2024-02-15,72050.3828125,72164.96875,71644.4375,72061.46875,8200.0,1,0.9999980563032629
2024-02-16,72426.640625,72545.328125,72218.1015625,72406.0234375,15200.0,1,0.9999960496298687
2024-02-19,72708.15625,72881.9296875,72308.6796875,72627.6015625,0.0,1,0.9999984417259276
2024-02-20,73057.3984375,73130.6875,72510.2421875,72727.8671875,7700.0,1,0.9999983807124321
2024-02-21,72623.09375,73267.796875,72450.5625,73267.4765625,13900.0,1,0.9999949953342125
2024-02-22,73158.2421875,73256.390625,72081.359375,72677.5078125,9100.0,1,0.9969062618225715
2024-02-23,73142.796875,73413.9296875,73022.0,73394.4375,11900.0,1,0.9999978645157317
2024-02-26,72790.1328125,73092.2578125,72666.8203125,73044.8125,7900.0,1,0.9999983034997195
2024-02-27,73095.21875,73161.296875,72660.1328125,72723.53125,8300.0,1,0.9999984093911982
2024-02-28,72304.8828125,73223.109375,72222.2890625,73162.8203125,6200.0,1,0.9999676447385274
2024-02-29,72500.296875,72730.0,72099.3203125,72220.5703125,18600.0,1,0.9999943537697388
2024-03-01,73745.3515625,73819.2109375,72591.140625,72606.3125,20700.0,1,0.8050978722538452
2024-03-04,73872.2890625,73990.1328125,73747.0078125,73903.09375,14200.0,1,0.9999959190285456
2024-03-05,73677.1328125,73915.5390625,73412.25,73767.421875,21200.0,1,0.9999658828994042
2024-03-06,74085.9921875,74151.2734375,73321.4765625,73587.703125,13300.0,1,0.9999902009375832
2024-03-07,74119.390625,74245.171875,73921.4765625,74242.7421875,16000.0,1,0.9999954138112402
2024-03-11,73502.640625,74187.3515625,73433.90625,74175.9296875,9800.0,1,0.9999962265836843
2024-03-12,73667.9609375,74004.15625,73342.1171875,73516.421875,9600.0,1,0.9999965528637856
2024-03-13,72761.890625,74052.75,72515.7109375,73993.3984375,452000.0,0,1.0
2024-03-14,73097.28125,73364.296875,72497.1875,72570.1015625,10000.0,1,0.9999495652209281
2024-03-15,72643.4296875,72998.0703125,72484.8203125,72886.7734375,22300.0,1,0.9999630043048297
2024-03-18,72748.421875,72985.890625,72314.15625,72587.296875,11000.0,1,0.999998628031182
2024-03-19,72012.046875,72490.09375,71933.3515625,72462.9375,38400.0,1,0.9973916776808012
2024-03-20,72101.6875,72402.671875,71674.421875,72036.859375,8300.0,1,0.9999986109925773
2024-03-21,72641.1875,72882.4609375,72416.03125,72507.359375,12900.0,1,0.9999970285643909
2024-03-22,72831.9375,73115.6171875,72172.09375,72231.65625,26100.0,1,0.9988303011931576
2024-03-26,72470.296875,72705.2890625,72363.03125,72396.96875,30600.0,1,0.9996452611568707
2024-03-27,72996.3125,73138.7265625,72600.7265625,72692.15625,9400.0,1,0.9999983154816453
2024-03-28,73651.3515625,74190.3125,73120.328125,73149.34375,14900.0,1,0.9412462447390261
2024-04-01,74014.546875,74254.6171875,73909.390625,73968.6171875,0.0,1,0.9999952660536716
2024-04-02,73903.90625,74099.78125,73743.7734375,74022.296875,6300.0,1,0.999998500841442
2024-04-03,73876.8203125,74151.2109375,73540.2734375,73757.2265625,7900.0,1,0.9999985843916549
2024-04-04,74227.6328125,74501.7265625,73485.1171875,74413.8203125,10700.0,1,0.9993683335244231
2024-04-05,74248.21875,74361.109375,73946.921875,74287.0234375,11300.0,1,0.9999981860768872
2024-04-08,74742.5,74869.296875,74410.0703125,74555.4375,8300.0,1,0.999998857309648
2024-04-09,74683.703125,75124.28125,74603.3671875,75124.28125,41000.0,1,0.9857676787743531
2024-04-10,75038.1484375,75105.140625,74807.546875,74953.9609375,7100.0,1,0.999998430214956
2024-04-12,74244.8984375,74951.8828125,74189.3125,74889.640625,15600.0,1,0.9999935220936335
2024-04-15,73399.78125,73905.796875,73315.15625,73315.15625,12800.0,1,0.9996086375298887
2024-04-16,72943.6796875,73135.4296875,72685.03125,72892.140625,9200.0,1,0.9999968065082616
2024-04-18,72488.9921875,73473.046875,72365.671875,73183.1015625,12400.0,1,0.9998288449180172
2024-04-19,73088.328125,73210.171875,71816.4609375,71999.6484375,16200.0,0,0.6111863988054614
2024-04-22,73648.6171875,73767.796875,73227.3203125,73666.5078125,11100.0,1,0.9999976650775838
2024-04-23,73738.453125,74059.890625,73688.3125,74048.9375,6400.0,1,0.999998201574823
2024-04-24,73852.9375,74121.609375,73788.609375,73957.5703125,6600.0,1,0.999997608044091
2024-04-25,74339.4375,74571.25,73556.1484375,73572.34375,11800.0,1,0.998898161020922
2024-04-26,73730.15625,74515.90625,73616.6484375,74509.3125,13700.0,1,0.9999893312155904
2024-04-29,74671.28125,74721.1484375,73922.34375,73982.75,9900.0,1,0.9999832887458511
2024-04-30,74482.78125,75111.390625,74346.3984375,74800.890625,8400.0,1,0.9999942275242869
2024-05-02,74611.109375,74812.4296875,74360.6875,74391.7265625,18400.0,1,0.9999920878136489
2024-05-03,73878.1484375,75095.1796875,73467.7265625,75017.8203125,15600.0,1,0.7717992708981474
2024-05-06,73895.5390625,74359.6875,73786.2890625,74196.6796875,11200.0,1,0.9999981936381425
2024-05-07,73511.8515625,74026.796875,73259.2578125,73973.296875,7900.0,1,0.9999978540293779
2024-05-08,73466.390625,73684.9296875,73073.921875,73225.0,6500.0,1,0.9999981755595363
2024-05-09,72404.171875,73499.4921875,72334.1796875,73499.4921875,9200.0,1,0.9996839918706559
2024-05-10,72664.46875,72946.5390625,72366.2890625,72475.453125,11000.0,1,0.9999966004199728
2024-05-13,72776.1328125,72863.5625,71866.0078125,72476.6484375,13900.0,1,0.9997399933150789
2024-05-14,73104.609375,73286.2578125,72683.9921875,72696.71875,7100.0,1,0.9999947344377476
2024-05-15,72987.03125,73301.46875,72822.65625,73200.2265625,7700.0,1,0.9999978543160564
2024-05-16,73663.71875,73749.46875,72529.96875,73338.2421875,9700.0,1,0.923926292050752
2024-05-17,73917.03125,74070.84375,73459.796875,73711.3125,11900.0,1,0.9999987419850837
2024-05-21,73953.3125,74189.1875,73762.3671875,73842.9609375,11000.0,1,0.9999972065658359
2024-05-22,74221.0625,74307.7890625,73860.328125,74165.5234375,6200.0,1,0.999998704350678
2024-05-23,75418.0390625,75499.90625,74158.3515625,74253.53125,11900.0,0,0.532598225659347
2024-05-24,75410.390625,75636.5,75244.21875,75335.453125,10300.0,1,0.9999975034363089
2024-05-27,75390.5,76009.6796875,75175.2734375,75655.4609375,10200.0,1,0.9999944286391537
2024-05-28,75170.453125,75585.3984375,75083.21875,75585.3984375,6900.0,1,0.999998563111449
2024-05-29,74502.8984375,74986.21875,74454.546875,74826.9375,8200.0,1,0.9999977010270745
2024-05-30,73885.6015625,74493.546875,73668.7265625,74365.8828125,11800.0,1,0.9999972763141189
2024-05-31,73961.3125,74478.890625,73765.1484375,74208.53125,19200.0,1,0.9999948516941305
2024-06-03,76468.78125,76738.890625,75678.4296875,76583.2890625,19300.0,1,0.9987381567265445
2024-06-04,72079.046875,76300.4609375,70234.4296875,76285.78125,39100.0,0,1.0
2024-06-05,74382.2421875,74534.8203125,71879.4375,73027.8828125,17200.0,0,1.0
2024-06-06,75074.5078125,75297.7265625,74474.9375,75078.703125,13300.0,1,0.9999930404337228
2024-06-07,76693.359375,76795.3125,74941.8828125,75031.7890625,29000.0,0,0.9999999989821164
2024-06-10,76490.078125,77079.0390625,76379.7265625,76935.40625,17300.0,1,0.9999954500457415
2024-06-11,76456.59375,76860.53125,76296.4375,76680.8984375,6700.0,1,0.9999988370464598
2024-06-12,76606.5703125,77050.53125,76533.78125,76679.109375,9700.0,1,0.9999893511628455
2024-06-13,76810.8984375,77145.4609375,76719.703125,77102.046875,7500.0,1,0.9999986235316337
2024-06-14,76992.7734375,77081.296875,76549.046875,76912.3828125,12400.0,1,0.9999980595579775
2024-06-18,77301.140625,77366.7734375,77071.4375,77235.3125,7400.0,1,0.9999983889789831
2024-06-19,77337.59375,77851.6328125,76954.8671875,77543.21875,11100.0,1,0.999997433322927
2024-06-20,77478.9296875,77643.09375,77100.359375,77554.828125,8700.0,1,0.9999984226567561
2024-06-21,77209.8984375,77808.453125,76802.0,77729.4765625,23200.0,1,0.9999364022069872
2024-06-24,77341.078125,77423.0234375,76745.9375,76885.6484375,13900.0,1,0.999996788980026
2024-06-25,78053.5234375,78164.7109375,77459.6015625,77529.1875,8800.0,1,0.9999954014860574
2024-06-26,78674.25,78759.3984375,77945.9375,78094.0234375,8600.0,1,0.9999918057561848
2024-06-27,79243.1796875,79396.03125,78467.34375,78758.671875,9600.0,1,0.9999872835685474
2024-06-28,79032.7265625,79671.578125,78905.890625,79457.578125,17200.0,1,0.9999931604809301
2024-07-01,79476.1875,79561.0,78971.7890625,79043.3515625,0.0,1,0.9999973738568309
2024-07-02,79441.453125,79855.8671875,79231.109375,79840.3671875,0.0,1,0.9999983906920438
2024-07-03,79986.796875,80074.296875,79754.953125,80013.7734375,0.0,1,0.9999982263683113
2024-07-04,80049.671875,80392.640625,79986.40625,80321.7890625,8800.0,1,0.9999983004201846
2024-07-05,79996.6015625,80149.8671875,79478.9609375,79778.9765625,16200.0,1,0.9999977276922702
2024-07-08,79960.3828125,80067.4609375,79731.828125,79915.0,14100.0,1,0.9999974893018214
2024-07-09,80351.640625,80397.171875,79998.5625,80107.2109375,6200.0,1,0.9999988955916012
2024-07-10,79924.7734375,80481.359375,79435.7578125,80481.359375,9300.0,1,0.9999362321848926
2024-07-11,79897.34375,80170.09375,79464.3828125,80170.09375,8200.0,1,0.9999944640696374
2024-07-12,80519.34375,80893.5078125,79843.390625,80093.6171875,18400.0,1,0.9998423801621791
2024-07-15,80664.859375,80862.5390625,80556.96875,80686.5390625,16200.0,1,0.9999937421980232
2024-07-16,80716.546875,80898.296875,80598.0625,80731.4921875,8700.0,1,0.9999977820288594
2024-07-18,81343.4609375,81522.546875,80390.3671875,80514.25,9300.0,1,0.998445771472909
2024-07-19,80604.6484375,81587.7578125,80499.1015625,81585.0625,16100.0,1,0.9999051194754969
2024-07-22,80502.078125,80800.921875,80100.6484375,80408.8984375,11400.0,1,0.9999986804744926
2024-07-23,80429.0390625,80766.40625,79224.3203125,80724.296875,13100.0,0,0.9999838398487146
2024-07-24,80148.8828125,80519.578125,79750.5078125,80343.3828125,9900.0,1,0.9999985754432185
2024-07-25,80039.796875,80143.1015625,79477.828125,79542.109375,9700.0,1,0.9999966235229039
2024-07-26,81332.71875,81427.1796875,80013.6015625,80158.5,18400.0,0,0.8026504526860351
2024-07-29,81355.84375,81908.4296875,81135.90625,81679.6484375,19400.0,1,0.9999942942481372
2024-07-30,81455.3984375,81815.2734375,81230.4375,81349.28125,10800.0,1,0.9999940911755028
2024-07-31,81741.34375,81828.0390625,81434.3203125,81655.8984375,6900.0,1,0.9999989503716409
2024-08-01,81867.546875,82129.4921875,81700.2109375,81949.6796875,14500.0,1,0.9999977108746857
2024-08-02,80981.953125,81345.6015625,80868.90625,81158.9921875,19500.0,1,0.9999928834360281
2024-08-05,78759.3984375,79780.609375,78295.859375,78588.1875,25100.0,0,0.9999415353045519
2024-08-06,78593.0703125,79852.078125,78496.5703125,78981.96875,8900.0,0,0.9988095267928025
2024-08-07,79468.0078125,79639.203125,79106.203125,79565.3984375,8600.0,1,0.9999984680055409
2024-08-08,78886.21875,79626.921875,78798.9375,79420.4921875,8900.0,1,0.9999932857277656
2024-08-09,79705.90625,79984.2421875,79549.09375,79984.2421875,8800.0,1,0.9999985734046992
2024-08-12,79648.921875,80106.1796875,79226.1328125,79330.1171875,10500.0,1,0.9998385313647606
2024-08-13,78956.03125,79692.546875,78889.3828125,79552.5078125,7400.0,1,0.9999949497487038
2024-08-14,79105.8828125,79228.9375,78895.71875,79065.21875,10700.0,1,0.9999983275832887
2024-08-16,80436.84375,80518.2109375,79306.6875,79754.8515625,13100.0,1,0.9970990481920594
2024-08-19,80424.6796875,80724.3984375,80332.6484375,80680.25,10300.0,1,0.9999982449117476
2024-08-20,80802.859375,80942.9609375,80517.953125,80722.5390625,6600.0,1,0.9999990948453299
2024-08-21,80905.296875,80952.828125,80626.3828125,80667.25,5800.0,1,0.999998475455936
2024-08-22,81053.1875,81236.453125,80954.0234375,81207.2421875,5800.0,1,0.9999980356835306
2024-08-23,81086.2109375,81231.4921875,80883.2578125,81165.6484375,10400.0,1,0.999998247268436
2024-08-26,81698.109375,81824.2734375,81278.4375,81388.2578125,16200.0,1,0.9999971459592074
2024-08-27,81711.7578125,81919.109375,81600.5078125,81815.2265625,5700.0,1,0.9999984136034292
2024-08-28,81785.5625,82039.2578125,81578.3203125,81779.84375,5100.0,1,0.9999989241774823
2024-08-29,82134.609375,82285.828125,81682.78125,81822.5625,8400.0,1,0.9999986491726898
2024-08-30,82365.7734375,82637.03125,82256.0234375,82637.03125,10300.0,1,0.9999980607295839
2024-09-02,82559.84375,82725.28125,82440.9296875,82725.28125,9500.0,1,0.9999973375181496
2024-09-03,82555.4375,82675.0625,82400.7578125,82652.6875,4300.0,1,0.9999980719959561
2024-09-04,82352.640625,82408.5390625,81833.6875,81845.5,9100.0,1,0.9999973774388183
2024-09-05,82201.15625,82617.4921875,82130.4375,82469.7890625,7000.0,1,0.9999983836518662
2024-09-06,81183.9296875,82254.7890625,80981.9296875,82171.078125,14500.0,1,0.9995661553619225
2024-09-09,81559.5390625,81653.359375,80895.046875,80973.75,7800.0,1,0.9999936215445113
2024-09-10,81921.2890625,82196.546875,81445.296875,81768.71875,5600.0,1,0.9999987066711867
2024-09-11,81523.15625,82134.953125,81423.140625,81928.1171875,7800.0,1,0.9999972549134118
2024-09-12,82962.7109375,83116.1875,81534.2890625,81930.1796875,8300.0,0,0.9696911434425775
2024-09-13,82890.9375,83092.9296875,82653.21875,83091.546875,12700.0,1,0.999997541457385
2024-09-16,82988.78125,83184.34375,82832.8203125,82985.328125,6900.0,1,0.9999984878288164
2024-09-17,83079.65625,83152.40625,82866.6796875,83084.6328125,9800.0,1,0.999997633782769
2024-09-18,82948.2265625,83326.3828125,82700.6328125,83037.1328125,5100.0,1,0.9999990112251712
2024-09-19,83184.796875,83773.609375,83071.65625,83359.171875,6600.0,1,0.9999862066312276
2024-09-20,84544.3125,84694.4609375,83187.640625,83603.0390625,28700.0,0,0.9445189561751269
2024-09-23,84928.609375,84980.53125,84607.3828125,84651.1484375,11100.0,1,0.9999980367203988
2024-09-24,84914.0390625,85163.2265625,84716.0703125,84860.7265625,8700.0,1,0.999998331412438
2024-09-25,85169.8671875,85247.421875,84743.0390625,84836.453125,13500.0,1,0.9999980021659763
2024-09-26,85836.1171875,85930.4296875,85106.7421875,85167.5625,9100.0,1,0.9999857583637253
2024-09-27,85571.8515625,85978.25,85474.578125,85893.84375,9400.0,1,0.9999986109768085
2024-09-30,84299.78125,85359.6484375,84257.140625,85208.7578125,11000.0,1,0.9998604881719303
2024-10-01,84266.2890625,84648.3984375,84098.9375,84257.171875,6000.0,1,0.999996355785811
2024-10-03,82497.1015625,83752.8125,82434.0234375,83002.09375,19700.0,0,0.9853107551733502
2024-10-04,81688.453125,83368.3203125,81532.6796875,82244.25,19200.0,0,0.999999999981056
2024-10-07,81050.0,82137.7734375,80726.0625,81926.9921875,17700.0,1,0.9976644534053347
2024-10-08,81634.8125,81763.28125,80813.0703125,80826.5625,7200.0,1,0.9998018981214974
2024-10-09,81467.1015625,82319.2109375,81342.890625,81954.578125,7500.0,1,0.9999505189101922
2024-10-10,81611.40625,82002.84375,81538.9375,81832.65625,7600.0,1,0.9999981820128104
2024-10-11,81381.359375,81671.3828125,81304.1484375,81478.4921875,8700.0,1,0.9999975049440324
2024-10-14,81973.046875,82072.171875,81541.203125,81576.9296875,7700.0,1,0.9999981575595998
2024-10-15,81820.1171875,82300.4375,81635.5703125,82101.859375,5500.0,1,0.9999988750708514
2024-10-16,81501.359375,81932.1484375,81358.2578125,81646.6015625,5600.0,1,0.9999980778706873
2024-10-17,81006.609375,81781.3984375,80905.640625,81758.0703125,6800.0,1,0.999994298368551
2024-10-18,81224.75,81391.1484375,80409.25,80749.2578125,9300.0,1,0.9999808855356204
2024-10-21,81151.2734375,81770.0234375,80811.2265625,81770.0234375,7600.0,1,0.9999898459892076
2024-10-22,80220.71875,81504.2421875,80149.53125,81155.078125,5600.0,1,0.9705418327617407
2024-10-23,80081.9765625,80646.3125,79891.6796875,79921.1328125,6200.0,1,0.9987689427715025
2024-10-24,80065.15625,80259.8203125,79813.0234375,80098.296875,4800.0,1,0.9999991519473949
2024-10-25,79402.2890625,80253.1875,79137.9765625,80187.34375,13900.0,1,0.9999592216422335
2024-10-28,80005.0390625,80539.8125,79418.8203125,79653.671875,10800.0,1,0.9988211896086119
2024-10-29,80369.03125,80450.4765625,79421.3515625,80037.203125,9600.0,1,0.9997274731670917
2024-10-30,79942.1796875,80435.609375,79821.9921875,80237.8515625,5900.0,1,0.9999984352325594
2024-10-31,79389.0625,80044.953125,79287.9296875,80044.953125,9300.0,1,0.9999970622828677
2024-11-01,79724.1171875,80023.75,79655.546875,80023.75,2300.0,1,0.9999983647918083
2024-11-04,78782.2421875,79713.140625,78232.6015625,79713.140625,9500.0,1,0.957011507761798
2024-11-05,79476.6328125,79523.1328125,78296.703125,78542.15625,8600.0,1,0.9885770781699058
2024-11-06,80378.1328125,80569.7265625,79459.1171875,79771.8203125,20200.0,1,0.9996344771402031
2024-11-07,79541.7890625,80563.421875,79419.34375,80563.421875,8200.0,1,0.9998883988412877
2024-11-08,79486.3203125,79807.2578125,79117.3671875,79611.8984375,10300.0,1,0.9999989653612046
2024-11-11,79496.1484375,80102.140625,79001.34375,79298.4609375,16900.0,1,0.999086657581241
2024-11-12,78675.1796875,79820.9765625,78547.84375,79644.953125,6400.0,1,0.9991415307481515
2024-11-13,77690.953125,78690.0234375,77533.296875,78495.53125,7400.0,1,0.9998915771662361
2024-11-14,77580.3125,78055.5234375,77424.8125,77636.9375,10100.0,1,0.9999922870095814
2024-11-18,77339.0078125,77886.96875,76965.0625,77863.5390625,8200.0,1,0.9999915040264441
2024-11-19,77578.3828125,78451.6484375,77411.3125,77548.0,7200.0,0,0.7254894027960035
2024-11-21,77155.7890625,77711.109375,76802.7265625,77711.109375,8800.0,1,0.9999912738847138
2024-11-22,79117.109375,79218.1875,77226.6875,77349.7421875,17100.0,0,0.9999999999915383
2024-11-25,80109.8515625,80473.078125,79765.9921875,80193.46875,14000.0,1,0.9999986069700707
2024-11-26,80004.0625,80482.359375,79798.671875,80415.46875,10400.0,1,0.9999986235503068
2024-11-27,80234.078125,80511.1484375,79844.4921875,80121.03125,5700.0,1,0.9999989257420495
2024-11-28,79043.7421875,80447.3984375,78918.921875,80281.640625,7900.0,1,0.8918809664063521
2024-11-29,79802.7890625,79923.8984375,79026.1796875,79032.9921875,8900.0,1,0.9999052101193525
2024-12-02,80248.078125,80337.8203125,79308.953125,79743.8671875,7300.0,1,0.9999148972928688
2024-12-03,80845.75,80949.1015625,80244.78125,80529.203125,9400.0,1,0.9999982212867443
2024-12-04,80956.328125,81245.390625,80630.53125,81036.21875,7200.0,1,0.9999992520983846
2024-12-05,81765.859375,82317.7421875,80467.3671875,81182.7421875,7500.0,0,0.9986243000268807
2024-12-06,81709.1171875,81925.90625,81506.1875,81887.5390625,8800.0,1,0.9999986931161131
2024-12-09,81508.4609375,81783.28125,81411.546875,81602.578125,6400.0,1,0.9999982138645613
2024-12-10,81510.046875,81726.34375,81182.6875,81575.9609375,5600.0,1,0.9999992043526656
2024-12-11,81526.140625,81742.3671875,81383.421875,81568.390625,6300.0,1,0.9999985942424314
2024-12-12,81289.9609375,81680.96875,81211.640625,81476.7578125,7800.0,1,0.999997928888601
2024-12-13,82133.1171875,82213.921875,80082.8203125,81212.453125,11300.0,0,0.9999999999999227
2024-12-16,81748.5703125,82116.4375,81551.28125,82000.3125,5200.0,1,0.9999991781258404
2024-12-17,80684.453125,81613.640625,80612.203125,81511.8125,4900.0,1,0.9999739895386323
2024-12-18,80182.203125,80868.0234375,80050.0703125,80666.2578125,4700.0,1,0.9999961804621379
2024-12-19,79218.046875,79516.171875,79020.078125,79029.03125,6500.0,1,0.9999912220099596
2024-12-20,78041.59375,79587.1484375,77874.59375,79335.4765625,9000.0,0,0.8940864355937184
2024-12-23,78540.171875,78918.1171875,78189.1875,78488.640625,10300.0,1,0.9999979882521334
2024-12-24,78472.8671875,78877.359375,78397.7890625,78707.3671875,6200.0,1,0.9999982720159445
2024-12-26,78472.4765625,78898.3671875,78173.3828125,78557.28125,5600.0,1,0.999998550368784
2024-12-27,78699.0703125,79043.1484375,78598.546875,78607.6171875,7700.0,1,0.9999841338455312
2024-12-30,78248.1328125,79092.703125,78077.1328125,78637.578125,8900.0,1,0.9998818990042678
2024-12-31,78139.0078125,78305.34375,77560.7890625,77982.5703125,6100.0,1,0.9999979897604224
2025-01-01,78507.40625,78756.4921875,77898.296875,78265.0703125,5000.0,1,0.9999966549334235
2025-01-02,79943.7109375,80032.8671875,78542.3671875,78657.5234375,8600.0,0,0.9882837471850796
2025-01-03,79223.109375,80072.9921875,79109.7265625,80072.9921875,10900.0,1,0.9999852929341113
2025-01-06,77964.9921875,79532.671875,77781.6171875,79281.6484375,11800.0,0,0.9438401991144643
2025-01-07,78199.109375,78452.7421875,77925.09375,78019.796875,9400.0,1,0.9999974675470454
2025-01-08,78148.4921875,78319.453125,77486.7890625,78319.453125,10100.0,1,0.9997841294455094
2025-01-09,77620.2109375,78206.2109375,77542.921875,78206.2109375,6800.0,1,0.999997966944476
2025-01-10,77378.90625,77919.703125,77099.546875,77682.59375,8500.0,1,0.9999982069839887
2025-01-13,76330.0078125,77128.3515625,76249.71875,76629.8984375,13600.0,1,0.9996355721207885
2025-01-14,76499.6328125,76835.609375,76335.75,76335.75,16800.0,1,0.9999643422203405
2025-01-15,76724.078125,76991.046875,76479.703125,76900.140625,12800.0,1,0.9999984738544941
2025-01-16,77042.8203125,77319.5,76895.5078125,77319.5,8600.0,1,0.9999985494486272
2025-01-17,76619.328125,77069.1875,76263.2890625,77069.1875,9700.0,1,0.9999950336431267
2025-01-20,77073.4375,77318.9375,76584.84375,76978.53125,11300.0,1,0.9999986154110723
2025-01-21,75838.359375,77337.359375,75641.8671875,77261.71875,32900.0,0,0.9876061255063262
2025-01-22,76404.9921875,76463.1328125,75816.5,76114.421875,16000.0,1,0.9999966506695988
2025-01-23,76520.3828125,76743.5390625,76202.1171875,76414.5234375,11200.0,1,0.9999987156608624
2025-01-24,76190.4609375,76985.953125,76091.75,76455.3515625,7800.0,1,0.9995720594541
2025-01-27,75366.171875,75925.71875,75267.59375,75700.4296875,9500.0,1,0.9999971436433865
2025-01-28,75901.40625,76512.9609375,75622.8828125,75659.0,13000.0,1,0.9880763260375519
2025-01-29,76532.9609375,76599.7265625,75975.796875,76138.2421875,10200.0,1,0.9999982345330191
2025-01-30,76759.8125,76962.8828125,76401.1328125,76598.84375,18500.0,1,0.999996797288134
2025-01-31,77500.5703125,77605.9609375,76833.8671875,76888.890625,12600.0,1,0.9999881091694266
2025-02-03,77186.7421875,77260.3671875,76756.09375,77063.9375,11400.0,1,0.9999984748317288
2025-02-04,78583.8125,78658.59375,77402.3671875,77687.6015625,11800.0,1,0.9860672532028321
2025-02-05,78271.28125,78735.40625,78216.25,78704.6015625,8000.0,1,0.9999984199026506
2025-02-06,78058.15625,78551.65625,77843.9921875,78513.359375,8000.0,1,0.9999984683713793
2025-02-07,77860.1875,78356.9765625,77475.7421875,78119.6015625,10900.0,1,0.9999977394591599
2025-02-10,77311.796875,77849.578125,77106.890625,77789.296875,7000.0,1,0.9999983316184418
2025-02-11,76293.6015625,77387.28125,76030.59375,77384.9765625,9800.0,1,0.9978977989596556
2025-02-12,76171.078125,76459.71875,75388.390625,76188.2421875,10400.0,1,0.9998669212175583
2025-02-13,76138.96875,76764.53125,76013.4296875,76201.1015625,6900.0,1,0.9998324742639924
2025-02-14,75939.2109375,76483.0625,75439.640625,76388.9921875,9300.0,1,0.9999715894538255
2025-02-17,75996.859375,76041.9609375,75294.7578125,75641.40625,8100.0,1,0.999995158882841
2025-02-18,75967.390625,76091.6875,75531.0078125,76073.7109375,8600.0,1,0.9999951412771553
2025-02-19,75939.1796875,76338.578125,75581.3828125,75787.2734375,5100.0,1,0.9999927817282328
2025-02-20,75735.9609375,75794.1484375,75463.0078125,75672.84375,6900.0,1,0.9999985223387615
2025-02-21,75311.0625,75748.71875,75112.40625,75612.609375,12700.0,1,0.9999985967814013
2025-02-24,74454.40625,74907.0390625,74387.4375,74893.453125,6400.0,1,0.9999984599953332
2025-02-25,74602.1171875,74785.078125,74400.3671875,74440.296875,10700.0,1,0.9999971867651757
2025-02-27,74612.4296875,74834.09375,74520.78125,74706.6015625,6700.0,1,0.9999980717119563
2025-02-28,73198.1015625,74282.4296875,73141.2734375,74201.7734375,9100.0,1,0.9997658457790648
2025-03-03,73085.9375,73649.71875,72784.5390625,73427.6484375,10100.0,1,0.9999974361216037
2025-03-04,72989.9296875,73033.1796875,72633.5390625,72817.34375,6200.0,1,0.9999987456010666
2025-03-05,73730.2265625,73933.796875,72894.046875,73005.3671875,9300.0,1,0.9995811440821505
2025-03-06,74340.09375,74390.796875,73415.6796875,74308.296875,10100.0,1,0.9702651012115446
2025-03-07,74332.578125,74586.4296875,74038.03125,74347.140625,6900.0,1,0.9999985873073896
2025-03-10,74115.171875,74741.25,74022.2421875,74474.9765625,6600.0,1,0.9999947165843612
2025-03-11,74102.3203125,74195.171875,73663.6015625,73743.8828125,11700.0,1,0.9999982072237751
2025-03-12,74029.7578125,74392.1484375,73598.15625,74270.8125,13800.0,1,0.9999964017396656
2025-03-13,73828.90625,74401.109375,73770.59375,74392.5390625,9900.0,1,0.9999977508799451
2025-03-17,74169.953125,74376.3515625,73796.0625,73830.03125,7400.0,1,0.9999958857633287
2025-03-18,75301.2578125,75385.7578125,74480.1484375,74608.65625,14500.0,1,0.9999560863108148
2025-03-19,75449.046875,75568.3828125,75201.4765625,75473.171875,12200.0,1,0.9999981482076773
2025-03-20,76348.0625,76456.25,75684.578125,75917.109375,9100.0,1,0.99999640336719
2025-03-21,76905.5078125,77041.9375,76095.2578125,76155.0,8500.0,1,0.9998745043672719
2025-03-24,77984.3828125,78107.2265625,77179.3515625,77456.2734375,10100.0,1,0.9999832151170738
2025-03-25,78017.1875,78741.6875,77745.6328125,78296.28125,12700.0,1,0.999974013557507
2025-03-26,77288.5,78167.8671875,77194.21875,78021.453125,10500.0,1,0.9999808404443541
2025-03-27,77606.4296875,77747.4609375,77082.5078125,77087.390625,12700.0,1,0.9999921203519008
2025-03-28,77414.921875,77766.703125,77185.6171875,77690.6875,16700.0,1,0.9999976391023482
